9.999999999999999791e-17 1.630456278484966326e-35 1.630456278484966393e-36
1.047176819485520245e-16 1.557001844377657963e-35 1.557001844377658163e-36
1.096579291267809907e-16 1.486856638008980406e-35 1.486856638008980439e-36
1.148312414543511217e-16 1.419871573917188103e-35 1.419871573917188170e-36
1.202486142037412158e-16 1.355904283154678259e-35 1.355904283154678360e-36
1.259215613694150994e-16 1.294818810699380388e-35 1.294818810699380522e-36
1.318621401394748444e-16 1.236485326498204070e-35 1.236485326498204170e-36
1.380829765218092222e-16 1.180779849528388757e-35 1.180779849528388790e-36
1.445972921792019645e-16 1.127583984290288506e-35 1.127583984290288573e-36
1.514189325304352133e-16 1.076784669171535175e-35 1.076784669171535275e-36
1.585623961771137088e-16 1.028273936147756388e-35 1.028273936147756488e-36
1.660428657187529473e-16 9.819486813091219618e-36 9.819486813091220620e-37
1.738762400216250577e-16 9.377104457249990957e-36 9.377104457249990957e-37
1.820791680099462338e-16 8.954652061809691738e-36 8.954652061809692072e-37
1.906690840512251979e-16 8.551231753434420902e-36 8.551231753434421571e-37
1.996642450109793405e-16 8.165986109271429357e-36 8.165986109271429691e-37
2.090837690555750084e-16 7.798096334598756579e-36 7.798096334598756579e-37
2.189476762856620717e-16 7.446780522572477507e-36 7.446780522572478009e-37
2.292769312865648967e-16 7.111291992374812825e-36 7.111291992374813160e-37
2.400934876860651563e-16 6.790917702231085524e-36 6.790917702231086026e-37
2.514203348142796505e-16 6.484976733922498674e-36 6.484976733922498841e-37
2.632815465648020225e-16 6.192818845573829755e-36 6.192818845573829755e-37
2.757023325609582377e-16 5.913823089640098975e-36 5.913823089640099309e-37
2.887090917359234550e-16 5.647396493154915315e-36 5.647396493154915816e-37
3.023294684405776137e-16 5.392972797435549338e-36 5.392972797435550006e-37
3.165924111983520861e-16 5.150011254566086629e-36 5.150011254566086629e-37
3.315282342319423010e-16 4.917995478100753889e-36 4.917995478100754558e-37
3.471686818926559590e-16 4.696432345544691795e-36 4.696432345544692129e-37
3.635469961293318022e-16 4.484850950279580044e-36 4.484850950279580044e-37
3.806979871402284184e-16 4.282801600706478127e-36 4.282801600706478462e-37
3.986581073580438875e-16 4.089854864478747317e-36 4.089854864478747651e-37
4.174655289253134635e-16 3.905600655793638449e-36 3.905600655793638282e-37
4.371602248248501961e-16 3.729647363802706980e-36 3.729647363802707147e-37
4.577840538376616509e-16 3.561621020288592851e-36 3.561621020288593101e-37
4.793808495089106735e-16 3.401164504839154394e-36 3.401164504839154644e-37
5.019965133110078883e-16 3.247936785829650049e-36 3.247936785829650300e-37
5.256791122018418923e-16 3.101612195599758619e-36 3.101612195599758703e-37
5.504789807854967186e-16 2.961879738284926960e-36 2.961879738284926960e-37
5.764488282925873296e-16 2.828442428830891949e-36 2.828442428830892033e-37
6.036438506075863690e-16 2.701016661786564243e-36 2.701016661786564577e-37
6.321218475812448509e-16 2.579331608533688591e-36 2.579331608533688926e-37
6.619433458774387961e-16 2.463128641672179160e-36 2.463128641672179243e-37
6.931717276155399851e-16 2.352160785337715903e-36 2.352160785337715986e-37
7.258733650817245946e-16 2.246192190283331195e-36 2.246192190283331362e-37
7.601177617955322454e-16 2.144997632609317261e-36 2.144997632609317511e-37
7.959777002314977296e-16 2.048362035076074691e-36 2.048362035076074607e-37
8.335293965098187030e-16 1.956080009982502794e-36 1.956080009982503044e-37
8.728526623848370436e-16 1.867955422638377477e-36 1.867955422638377644e-37
9.140310748756222612e-16 1.783800974502922167e-36 1.783800974502922293e-37
9.571521538991856169e-16 1.703437805103587707e-36 1.703437805103587749e-37
1.002307548283864417e-15 1.626695111888960164e-36 1.626695111888960164e-37
1.049593230558226545e-15 1.553409787207843852e-36 1.553409787207844019e-37
1.099109700929496149e-15 1.483426071642954532e-36 1.483426071642954532e-37
1.150962200885031203e-15 1.416595222962431421e-36 1.416595222962431421e-37
1.205260936870841435e-15 1.352775199985555870e-36 1.352775199985555995e-37
1.262121314522546124e-15 1.291830360690775217e-36 1.291830360690775259e-37
1.321664183946603760e-15 1.233631173924392231e-36 1.233631173924392231e-37
1.384016096573130115e-15 1.178053944097193663e-36 1.178053944097193663e-37
1.449309574126215018e-15 1.124980548283890265e-36 1.124980548283890391e-37
1.517683390283403825e-15 1.074298185166603572e-36 1.074298185166603572e-37
1.589282865622976412e-15 1.025899135288811885e-36 1.025899135288811926e-37
1.664260176485901869e-15 9.796805321101965377e-37 9.796805321101965377e-38
1.742774678408917314e-15 9.355441433757997715e-37 9.355441433757998341e-38
1.824993244816150352e-15 8.933961623348130181e-37 8.933961623348130181e-38
1.911090621689135738e-15 8.531470083652603641e-37 8.531470083652603850e-38
2.001249798969034887e-15 8.147111365808262150e-37 8.147111365808262150e-38
2.095662399480430747e-15 7.780068560151680778e-37 7.780068560151680778e-38
2.194529086203311417e-15 7.429561559972871427e-37 7.429561559972871845e-38
2.298059988758848964e-15 7.094845403489386477e-37 7.094845403489386477e-38
2.406475150015421534e-15 6.775208690516866027e-37 6.775208690516866027e-38
2.520004993764089465e-15 6.469972070470838375e-37 6.469972070470839002e-38
2.638890814457507478e-15 6.178486798486233558e-37 6.178486798486233976e-38
2.763385290053167039e-15 5.900133356585764069e-37 5.900133356585764069e-38
2.893753019050947462e-15 5.634320136966669990e-37 5.634320136966669782e-38
3.030271082866393188e-15 5.380482184607270168e-37 5.380482184607270585e-38
3.173229634734972870e-15 5.138079996520901338e-37 5.138079996520901965e-38
3.322932516398968375e-15 4.906598375105192577e-37 4.906598375105192368e-38
3.479697903887688082e-15 4.685545333149603098e-37 4.685545333149603098e-38
3.643858983763540399e-15 4.474451048173934425e-37 4.474451048173934842e-38
3.815764661271244864e-15 4.272866863875402201e-37 4.272866863875402201e-38
3.995780301895265504e-15 4.080364336561950492e-37 4.080364336561950701e-38
4.184288507901575827e-15 3.896534324545112048e-37 3.896534324545112048e-38
4.381689931514185793e-15 3.720986118557024275e-37 3.720986118557024693e-38
4.588404126454752021e-15 3.553346611343423368e-37 3.553346611343423785e-38
4.804870439655124445e-15 3.393259504667641800e-37 3.393259504667641905e-38
5.031548945038046443e-15 3.240384552040237689e-37 3.240384552040237794e-38
5.268921421350666514e-15 3.094396835564726705e-37 3.094396835564726705e-38
5.517492376129117138e-15 2.954986075362461153e-37 2.954986075362461466e-38
5.777790117970494724e-15 2.821855970108901221e-37 2.821855970108901430e-38
6.050367879391211711e-15 2.694723567279686417e-37 2.694723567279686626e-38
6.335804992658241173e-15 2.573318661768013786e-37 2.573318661768013786e-38
6.634708121092336908e-15 2.457383221595174240e-37 2.457383221595174135e-38
6.947712548460225336e-15 2.346670839493647144e-37 2.346670839493647248e-38
7.275483529196217592e-15 2.240946209197176342e-37 2.240946209197176551e-38
7.618717702322982862e-15 2.139984625324717171e-37 2.139984625324717327e-38
7.978144572076612309e-15 2.043571505795333513e-37 2.043571505795333670e-38
8.354528058382854914e-15 1.951501935758996530e-37 1.951501935758996739e-38
8.748668120479896204e-15 1.863580232073948039e-37 1.863580232073948248e-38
9.161402457138502203e-15 1.779619527404984995e-37 1.779619527404984995e-38
9.593608287093126862e-15 1.699441373058719329e-37 1.699441373058719538e-38
1.004620421346811087e-14 1.622875359711670539e-37 1.622875359711670748e-38
1.052015217616156847e-14 1.549758755225112551e-37 1.549758755225112603e-38
1.101645949633654734e-14 1.479936158776872453e-37 1.479936158776872505e-38
1.153618101736476148e-14 1.413259170574996277e-37 1.413259170574996277e-38
1.208042134677326439e-14 1.349586076451282679e-37 1.349586076451282627e-38
1.265033720395901293e-14 1.288781546664333195e-37 1.288781546664333142e-38
1.324713987866114779e-14 1.230716348271959151e-37 1.230716348271959099e-38
1.387209780541618126e-14 1.175267070461621297e-37 1.175267070461621401e-38
1.452653925946778129e-14 1.122315862255131705e-37 1.122315862255131783e-38
1.521185517986101801e-14 1.071750182030131023e-37 1.071750182030131101e-38
1.592950212572119736e-14 1.023462558325986680e-37 1.023462558325986759e-38
1.668100537200055609e-14 9.773503614257275629e-38 9.773503614257276151e-39
1.746796215127242274e-14 9.333155852285404455e-38 9.333155852285405238e-39
1.829204504846290098e-14 8.912646389492227294e-38 8.912646389492228338e-39
1.915500555573523852e-14 8.511081482018770359e-38 8.511081482018771403e-39
2.005867779508229789e-14 8.127607650450672300e-38 8.127607650450672822e-39
2.100498241653911057e-14 7.761409865847169560e-38 7.761409865847169560e-39
2.199593068030070266e-14 7.411709817492048980e-38 7.411709817492048980e-39
2.303362873142126758e-14 7.077764258684923015e-38 7.077764258684923015e-39
2.412028207618002189e-14 6.758863427056988279e-38 6.758863427056988018e-39
2.525820026962779497e-14 6.454329536053817662e-38 6.454329536053818445e-39
2.644980182427714511e-14 6.163515334379024127e-38 6.163515334379023866e-39
2.769761935036885157e-14 5.885802730337060683e-38 5.885802730337061205e-39
2.900430493863985931e-14 5.620601478151353447e-38 5.620601478151353578e-39
3.037263579703305588e-14 5.367347923465683975e-38 5.367347923465684105e-39
3.180552015332913121e-14 5.125503805362540736e-38 5.125503805362541128e-39
3.330600343624581629e-14 4.894555112352262808e-38 4.894555112352263199e-39
3.487727474814170755e-14 4.674010989901527779e-38 4.674010989901528170e-39
3.652267364308167886e-14 4.463402697179237294e-38 4.463402697179237686e-39
3.824569722466991410e-14 4.262282610802503331e-38 4.262282610802503853e-39
4.005000757873602927e-14 4.070223273465314631e-38 4.070223273465314631e-39
4.193943955667177912e-14 3.886816485427848561e-38 3.886816485427848561e-39
4.391800892596076798e-14 3.711672436935488498e-38 3.711672436935489020e-39
4.598992090522429120e-14 3.544418879723622023e-38 3.544418879723622023e-39
4.815957910192341019e-14 3.384700335847332574e-38 3.384700335847332835e-39
5.043159487171348579e-14 3.232177342154450675e-38 3.232177342154450675e-39
5.281079711934320023e-14 3.086525728796187009e-38 3.086525728796187401e-39
5.530224256192888662e-14 2.947435930241896604e-38 2.947435930241896865e-39
5.791122647641746980e-14 2.814612327333613868e-38 2.814612327333613999e-39
6.064329395408048978e-14 2.687772618981987795e-38 2.687772618981987795e-39
6.350425168595949597e-14 2.566647222168209616e-38 2.566647222168209877e-39
6.650018030431104569e-14 2.450978698976727105e-38 2.450978698976727105e-39
6.963744730628208047e-14 2.340521209440951170e-38 2.340521209440951301e-39
7.292272058728298407e-14 2.235039989039058590e-38 2.235039989039058656e-39
7.636298261282226047e-14 2.134310849729358700e-38 2.134310849729358765e-39
7.996554525892329595e-14 2.038119703464735471e-38 2.038119703464735602e-39
8.373806535266472912e-14 1.946262107173453129e-38 1.946262107173453390e-39
8.768856094587408566e-14 1.858542828239231856e-38 1.858542828239231921e-39
9.182542835656263125e-14 1.774775429557071683e-38 1.774775429557071813e-39
9.615746001432076035e-14 1.694781873282914519e-38 1.694781873282914584e-39
1.006938631476025049e-13 1.618392142434953041e-38 1.618392142434953041e-39
1.054442793526166305e-13 1.545443879542348139e-38 1.545443879542348204e-39
1.104188050854157938e-13 1.475782041573345899e-38 1.475782041573345964e-39
1.156280131207373008e-13 1.409258570409380705e-38 1.409258570409380738e-39
1.210829750232036944e-13 1.345732078164797522e-38 1.345732078164797522e-39
1.267952846786431435e-13 1.285067546683379143e-38 1.285067546683379143e-39
1.327770829355426344e-13 1.227136040572987883e-38 1.227136040572987948e-39
1.390410834090066780e-13 1.171814433168415314e-38 1.171814433168415412e-39
1.456005995020645581e-13 1.118985144840002491e-38 1.118985144840002588e-39
1.524695727017569863e-13 1.068535893091841739e-38 1.068535893091841837e-39
1.596626022101421921e-13 1.020359453918412655e-38 1.020359453918412785e-39
1.671949759731991818e-13 9.743534339124519850e-39 9.743534339124520176e-40
1.750827031735726954e-13 9.304200526397136809e-39 9.304200526397138114e-40
1.833425482562292669e-13 8.884659348180255363e-39 8.884659348180256342e-40
1.919920665593286774e-13 8.484019118590252061e-39 8.484019118590252061e-40
2.010496416260501061e-13 8.101428323507110160e-39 8.101428323507110160e-40
2.105345242766708173e-13 7.736073810780394101e-39 7.736073810780393775e-40
2.204668735239412133e-13 7.387179061969102994e-39 7.387179061969102994e-40
2.308677994187171988e-13 7.054002541942210019e-39 7.054002541942210345e-40
2.417594079169133096e-13 6.735836122832145110e-39 6.735836122832145110e-40
2.531648478631358280e-13 6.432003578991526307e-39 6.432003578991526634e-40
2.651083601908541657e-13 6.141859149754344207e-39 6.141859149754344533e-40
2.776153294436803986e-13 5.864786166946904786e-39 5.864786166946904786e-40
2.907123377272581460e-13 5.600195744231476785e-39 5.600195744231476948e-40
3.044272212064305713e-13 5.347525525496998985e-39 5.347525525496998985e-40
3.187891292677649092e-13 5.106238489636683043e-39 5.106238489636683532e-40
3.338285864731764332e-13 4.875821809172217376e-39 4.875821809172218028e-40
3.495775574363278677e-13 4.655785760298704023e-39 4.655785760298704186e-40
3.660695147596906196e-13 4.445662682033771019e-39 4.445662682033771345e-40
3.833395101766605254e-13 4.245005982258623484e-39 4.245005982258623974e-40
4.014242490499326296e-13 4.053389188538518985e-39 4.053389188538518822e-40
4.203621683844718236e-13 3.870405041705283134e-39 3.870405041705283297e-40
4.401935185208879109e-13 3.695664630275380229e-39 3.695664630275380066e-40
4.609604486828438630e-13 3.528796563863844179e-39 3.528796563863844506e-40
4.827070965603187757e-13 3.369446183837262646e-39 3.369446183837262809e-40
5.054796821191245874e-13 3.217274809528147526e-39 3.217274809528147608e-40
5.293266058360566749e-13 3.071959018408608166e-39 3.071959018408608166e-40
5.542985515684674668e-13 2.933189958693404090e-39 2.933189958693404090e-40
5.804485942768984109e-13 2.800672692911431063e-39 2.800672692911431308e-40
6.078323128297236313e-13 2.674125571050439378e-39 2.674125571050439704e-40
6.365079081295577986e-13 2.553279631942696952e-39 2.553279631942697115e-40
6.665363268124920708e-13 2.437878031619310667e-39 2.437878031619310911e-40
6.979813907830667385e-13 2.327675497418231782e-39 2.327675497418231782e-40
7.309099328602918687e-13 2.222437806685718880e-39 2.222437806685718961e-40
7.653919388230155533e-13 2.121941288963301113e-39 2.121941288963301195e-40
8.015006961565412992e-13 2.025972350602192365e-39 2.025972350602192447e-40
8.393129498166372941e-13 1.934327020794785663e-39 1.934327020794785826e-40
8.789090653419962930e-13 1.846810518058356861e-39 1.846810518058357106e-40
9.203731996618229530e-13 1.763236836249606226e-39 1.763236836249606267e-40
9.637934799615796268e-13 1.683428349230145980e-39 1.683428349230146062e-40
1.009262190987048468e-12 1.607215433342698057e-39 1.607215433342698179e-40
1.056875971184805054e-12 1.534436106895619984e-39 1.534436106895620106e-40
1.106736018095974494e-12 1.464935685889525174e-39 1.464935685889525337e-40
1.158948303439811849e-12 1.398566455254276556e-39 1.398566455254276597e-40
1.213623798344241701e-12 1.335187354897614348e-39 1.335187354897614348e-40
1.270878709202059571e-12 1.274663679898139163e-39 1.274663679898139244e-40
1.330834724654076134e-12 1.216866794205452044e-39 1.216866794205452166e-40
1.393619274224143419e-12 1.161673857238946222e-39 1.161673857238946385e-40
1.459365799155757646e-12 1.108967562804169461e-39 1.108967562804169625e-40
1.528214036025870966e-12 1.058635889771850643e-39 1.058635889771850643e-40
1.600310313738701809e-12 1.010571863989685466e-39 1.010571863989685466e-40
1.675807864530768676e-12 9.646733309208468305e-40 9.646733309208469121e-41
1.754867149648152127e-12 9.208427385259922403e-40 9.208427385259923219e-41
1.837656200388172572e-12 8.789869299272991755e-40 8.789869299272992367e-41
1.924350975230332371e-12 8.390169454138607640e-40 8.390169454138608456e-41
2.015135733815558421e-12 8.008478333676198065e-40 8.008478333676198269e-41
2.110203428568596500e-12 7.643984697079825640e-40 7.643984697079825640e-41
2.209756114795903045e-12 7.295913854713612727e-40 7.295913854713612931e-41
2.314005380130654299e-12 6.963526021591729496e-40 6.963526021591729904e-41
2.423172794237600616e-12 6.646114745043466515e-40 6.646114745043466923e-41
2.537490379733571892e-12 6.343005403221458017e-40 6.343005403221458832e-41
2.657201105324506527e-12 6.053553771261785523e-40 6.053553771261785931e-41
2.782559402207125747e-12 5.777144652048369787e-40 5.777144652048369787e-41
2.913831704832788680e-12 5.513190568671460677e-40 5.513190568671460677e-41
3.051297017182871018e-12 5.261130515801060311e-40 5.261130515801060923e-41
3.195247505759213422e-12 5.020428767321398153e-40 5.020428767321397949e-41
3.345989120549974961e-12 4.790573737692083642e-40 4.790573737692084050e-41
3.503842245290675615e-12 4.571076894615787395e-40 4.571076894615787599e-41
3.669142378402493967e-12 4.361471720701288456e-40 4.361471720701288456e-41
3.842240846055061033e-12 4.161312721914917076e-40 4.161312721914917382e-41
4.023505548869292918e-12 3.970174480712754734e-40 3.970174480712755040e-41
4.213321743847289103e-12 3.787650751841003181e-40 3.787650751841003181e-41
4.412092863191190253e-12 3.613353598882527092e-40 3.613353598882527092e-41
4.620241371751313270e-12 3.446912569714200398e-40 3.446912569714200500e-41
4.838209664925957206e-12 3.287973909122351769e-40 3.287973909122352075e-41
5.066461008921268896e-12 3.136199806902559667e-40 3.136199806902559667e-41
5.305480525369574470e-12 2.991267679845453429e-40 2.991267679845453633e-41
5.555776222398877475e-12 2.852869486082152136e-40 2.852869486082152442e-41
5.817880074344935042e-12 2.720711070331739577e-40 2.720711070331739679e-41
6.092349152400711489e-12 2.594511538658819353e-40 2.594511538658819251e-41
6.379766808606282097e-12 2.474002661411883235e-40 2.474002661411883133e-41
6.680743915695614289e-12 2.358928303073068170e-40 2.358928303073068068e-41
6.995920165435374839e-12 2.249043877807075764e-40 2.249043877807075815e-41
7.325965428215230360e-12 2.144115829551566912e-40 2.144115829551566963e-41
7.671581176779302842e-12 2.043921135543481475e-40 2.043921135543481679e-41
8.033501977124734551e-12 1.948246832225501387e-40 1.948246832225501540e-41
8.412497049736118341e-12 1.856889562524365090e-40 1.856889562524365192e-41
8.809371904473991268e-12 1.769655143538139198e-40 1.769655143538139198e-41
9.224970052592173659e-12 1.686358153712850292e-40 1.686358153712850496e-41
9.660174799522645265e-12 1.606821538630236532e-40 1.606821538630236685e-41
1.011591112223829809e-11 1.530876234567881524e-40 1.530876234567881575e-41
1.059314763518370102e-11 1.458360809030672855e-40 1.458360809030673059e-41
1.109289864895222727e-11 1.389121117488523940e-40 1.389121117488523991e-41
1.161622632608501819e-11 1.323009975589659238e-40 1.323009975589659340e-41
1.216424293857367918e-11 1.259886846151556674e-40 1.259886846151556725e-41
1.273811323186478480e-11 1.199617540262944362e-40 1.199617540262944515e-41
1.333905690039058691e-11 1.142073931860149350e-40 1.142073931860149401e-41
1.396835117988739687e-11 1.087133685169597373e-40 1.087133685169597449e-41
1.462733356201129829e-11 1.034679994435505581e-40 1.034679994435505632e-41
1.531740463702079746e-11 9.846013353777831296e-41 9.846013353777832316e-42
1.604003107056819860e-11 9.367912278499398851e-41 9.367912278499399616e-42
1.679674872092653207e-11 8.911480091904779248e-41 8.911480091904780012e-42
1.758916590327732586e-11 8.475746177837983630e-41 8.475746177837984650e-42
1.841896680799710865e-11 8.059783863681965929e-41 8.059783863681966693e-42
1.928791508020777854e-11 7.662708446490657817e-41 7.662708446490658327e-42
2.019785756819878241e-11 7.283675307950184444e-41 7.283675307950185209e-42
2.115072824868794744e-11 6.921878114133267347e-41 6.921878114133268366e-42
2.214855233726359185e-11 6.576547096189148342e-41 6.576547096189149107e-42
2.319345059274427644e-11 6.246947408281163760e-41 6.246947408281164270e-42
2.428764382460450456e-11 5.932377559246322541e-41 5.932377559246323051e-42
2.543345761304648203e-11 5.632167914605627371e-41 5.632167914605627625e-42
2.663332725174980607e-11 5.345679265701220415e-41 5.345679265701220415e-42
2.788980292380439629e-11 5.072301462876834287e-41 5.072301462876834287e-42
2.920555512182745278e-11 4.811452109751795575e-41 4.811452109751795830e-42
3.058338032378431417e-11 4.562575315766502977e-41 4.562575315766503487e-42
3.202620693657650107e-11 4.325140504298768605e-41 4.325140504298768605e-42
3.353710152002928532e-11 4.098641273766462519e-41 4.098641273766462901e-42
3.511927530450727716e-11 3.882594309242301084e-41 3.882594309242301211e-42
3.677609101601030697e-11 3.676538342212135414e-41 3.676538342212135796e-42
3.851107002325568714e-11 3.480033156208583852e-41 3.480033156208584235e-42
4.032789982193705011e-11 3.292658636147888567e-41 3.292658636147888440e-42
4.223044187206672365e-11 3.114013859289558948e-41 3.114013859289559331e-42
4.422273980505896728e-11 2.943716225826026820e-41 2.943716225826026948e-42
4.630902801799736995e-11 2.781400627193413153e-41 2.781400627193413153e-42
4.849374067335233428e-11 2.626718650274973124e-41 2.626718650274973188e-42
5.078152112327670786e-11 2.479337815745920097e-41 2.479337815745920161e-42
5.317723177850966252e-11 2.338940848882662464e-41 2.338940848882662655e-42
5.568596444286408621e-11 2.205224981231064327e-41 2.205224981231064581e-42
5.831305113526218974e-11 2.077901281597686316e-41 2.077901281597686507e-42
6.106407542232035793e-11 1.956694014895149834e-41 1.956694014895150025e-42
6.394488428556936217e-11 1.841340027438323816e-41 1.841340027438324007e-42
6.696160054853215716e-11 1.731588157352118775e-41 1.731588157352118839e-42
7.012063589007177241e-11 1.627198668814670339e-41 1.627198668814670339e-42
7.342870447166757495e-11 1.527942708921986453e-41 1.527942708921986581e-42
7.689283720758305078e-11 1.433601786021955333e-41 1.433601786021955364e-42
8.052039670825470332e-11 1.343967268427404341e-41 1.343967268427404373e-42
8.431909292866250857e-11 1.258839902479949025e-41 1.258839902479949025e-42
8.829699955494083021e-11 1.178029348999042456e-41 1.178029348999042583e-42
9.246257116405732962e-11 1.101353737214254740e-41 1.101353737214254772e-42
9.682466119303114290e-11 1.028639235343691653e-41 1.028639235343691780e-42
1.013925407558814348e-10 9.597196370479139411e-42 9.597196370479139411e-43
1.061759183482999044e-10 8.944359630569802799e-42 8.944359630569802799e-43
1.111849604819269840e-10 8.326360773385690627e-42 8.326360773385691582e-43
1.164303132920875542e-10 7.741743172476557103e-42 7.741743172476558059e-43
1.219231251649109582e-10 7.189111371730814384e-42 7.189111371730815021e-43
1.276750704319264475e-10 6.667127652735084751e-42 6.667127652735085070e-43
1.336983741824945184e-10 6.174508729746791056e-42 6.174508729746791534e-43
1.400058382468096061e-10 5.710022569813103103e-42 5.710022569813103262e-43
1.466108684046983039e-10 5.272485336400632249e-42 5.272485336400632886e-43
1.535275028780421174e-10 4.860758455742637443e-42 4.860758455742637921e-43
1.607704421673822079e-10 4.473745805957338137e-42 4.473745805957338615e-43
1.683550802961200651e-10 4.110391029833265377e-42 4.110391029833265217e-43
1.762975375287204005e-10 3.769674973003702512e-42 3.769674973003702512e-43
1.846146946324545721e-10 3.450613250028843484e-42 3.450613250028843803e-43
1.933242287555043225e-10 3.152253941654987696e-42 3.152253941654988015e-43
2.024446509976801759e-10 2.873675427205952874e-42 2.873675427205953193e-43
2.119953457536068901e-10 2.613984356662002154e-42 2.613984356662002154e-43
2.219966119119952641e-10 2.372313767472038893e-42 2.372313767472038893e-43
2.324697059985645552e-10 2.147821351500046510e-42 2.147821351500046430e-43
2.434368873543107771e-10 1.939687877699494066e-42 1.939687877699494146e-43
2.549214654451420729e-10 1.747115776111108376e-42 1.747115776111108415e-43
2.669478494034328761e-10 1.569327888561703723e-42 1.569327888561703763e-43
2.795415999067865074e-10 1.405566390976794725e-42 1.405566390976794805e-43
2.927294835042825168e-10 1.255091891481409630e-42 1.255091891481409749e-43
3.065395295056536359e-10 1.117182707430936984e-42 1.117182707430936984e-43
3.210010895543181610e-10 9.911343231680339211e-43 9.911343231680338813e-44
3.361449000108775285e-10 8.762590286349380778e-43 8.762590286349381574e-44
3.520031472796689510e-10 7.718857369805467449e-43 7.718857369805468245e-44
3.686095362172169287e-10 6.773599769996970468e-43 6.773599769996970667e-44
3.859993617679778980e-10 5.920440536511080544e-43 5.920440536511080743e-44
4.042095839796318259e-10 5.153173670591816028e-43 5.153173670591816626e-44
4.232789065573561445e-10 4.465768773677918272e-43 4.465768773677918671e-44
4.432478591240409344e-10 3.852376996534877719e-43 3.852376996534878118e-44
4.641588833612791308e-10 3.307338099108091957e-43 3.307338099108092057e-44
4.860564232142148432e-10 2.825188400001197605e-43 2.825188400001197605e-44
5.089870193519695218e-10 2.400669365201287013e-43 2.400669365201287113e-44
5.329994080844104618e-10 2.028736559668347338e-43 2.028736559668347338e-44
5.581446249454978178e-10 1.704568664093083213e-43 1.704568664093083412e-44
5.844761131633649715e-10 1.423576243938190959e-43 1.423576243938191058e-44
6.120498372476715742e-10 1.181409950192191126e-43 1.181409950192191175e-44
6.409244019356469413e-10 9.739678323248494593e-44 9.739678323248494842e-45
6.711611767496300448e-10 7.974014547532384500e-44 7.974014547532384998e-45
7.028244264308366780e-10 6.481205293983404164e-44 6.481205293983404412e-45
7.359814475265786182e-10 5.227958089079429931e-44 5.227958089079430429e-45
7.707027114212318585e-10 4.183600276191342827e-44 4.183600276191342827e-45
8.070620141149524000e-10 3.320067295484111680e-44 3.320067295484111929e-45
8.451366330684738595e-10 2.611868832505240863e-44 2.611868832505240863e-45
8.850074914473456422e-10 2.036032503068339940e-44 2.036032503068340064e-45
9.267593301146901701e-10 1.572025449724025263e-44 1.572025449724025387e-45
9.704808877380326120e-10 1.201654941575875128e-44 1.201654941575875128e-45
1.016265089392997178e-09 9.089497616389162112e-45 9.089497616389162735e-46
1.064209244064726771e-09 6.800248003011925640e-45 6.800248003011926106e-46
1.114415251466790473e-09 5.029318166485413362e-45 5.029318166485413517e-46
1.166989818617149793e-09 3.674997517230430559e-45 3.674997517230431026e-46
1.222044686631491268e-09 2.651682552368274446e-45 2.651682552368274446e-46
1.279696868215944249e-09 1.888182038032883061e-45 1.888182038032883139e-46
1.340068896363953461e-09 1.326029379321508108e-45 1.326029379321508224e-46
1.403289084785876004e-09 9.178373101755222755e-46 9.178373101755222366e-47
1.469491800624820196e-09 6.257264120711294169e-46 6.257264120711294364e-47
1.538817750038349513e-09 4.198541113637085519e-46 4.198541113637085616e-47
1.611414277253023101e-09 2.770650389929395275e-46 2.770650389929395470e-47
1.687435677727379071e-09 1.796773462426280323e-46 1.796773462426280420e-47
1.767043526088950207e-09 1.144131621905930905e-46 1.144131621905930954e-47
1.850407019542305855e-09 7.147524615154746792e-47 7.147524615154747279e-48
1.937703337477992930e-09 4.376638012323643918e-47 4.376638012323644040e-48
2.029118018046682455e-09 2.624343659038256288e-47 2.624343659038256288e-48
2.124845352498887324e-09 1.539452709606287701e-47 1.539452709606287640e-48
2.225088798128373837e-09 8.825265193219434819e-48 8.825265193219435427e-49
2.330061410696929435e-09 4.938941902060282790e-48 4.938941902060282942e-49
2.439986297259555208e-09 2.695203521488595515e-48 2.695203521488595819e-49
2.555097090352512178e-09 1.432465571198977484e-48 1.432465571198977598e-49
2.675638444552050758e-09 7.405781866632793602e-49 7.405781866632794172e-50
2.801866556459201217e-09 3.719506611936490524e-49 3.719506611936490619e-50
2.934049709215793040e-09 1.812317685561594199e-49 1.812317685561594247e-50
3.072468842709009932e-09 8.554542603578230612e-50 8.554542603578231087e-51
3.217418150676378215e-09 3.905910840025792310e-50 3.905910840025792785e-51
3.369205705980273946e-09 1.722383417987659082e-50 1.722383417987659201e-51
3.528154115380890089e-09 7.323287837634358234e-51 7.323287837634358530e-52
3.694601205199309926e-09 2.997120906671977072e-51 2.997120906671977369e-52
3.868900739327983309e-09 1.178534255097007601e-51 1.178534255097007713e-52
4.051423171114655563e-09 4.444275220951788365e-52 4.444275220951788736e-53
4.242556430717785871e-09 1.604068211415406636e-52 1.604068211415406683e-53
4.442706749606891982e-09 5.529804428738607727e-53 5.529804428738607959e-54
4.652299523960198407e-09 1.816859304763514823e-53 1.816859304763514823e-54
4.871780218794641150e-09 5.676394530181386072e-54 5.676394530181386072e-55
5.101615314749844374e-09 1.682411783160194999e-54 1.682411783160195144e-55
5.342293299538362890e-09 4.718680065832180674e-55 4.718680065832181036e-56
5.594325706169389214e-09 1.249126342515871192e-55 1.249126342515871328e-56
5.858248200152547775e-09 3.112472724601972684e-56 3.112472724601972684e-57
6.134621717992518544e-09 7.279104820536980486e-57 7.279104820536980769e-58
6.424033659394204314e-09 1.593033831254067686e-57 1.593033831254067828e-58
6.727099135712350610e-09 3.252271106790925332e-58 3.252271106790925332e-59
7.044462277299051518e-09 6.173609467927013876e-59 6.173609467927014539e-60
7.376797602527746144e-09 1.085902939080159214e-59 1.085902939080159214e-60
7.724811451403416104e-09 1.763521374229248916e-60 9.999999999999999704e-61
8.089243486805955090e-09 2.634347492676609329e-61 9.999999999999999704e-61
8.470868266557419954e-09 3.605417933554914387e-62 9.999999999999999704e-61
8.870496889654421234e-09 4.502308051898899112e-63 9.999999999999999704e-61
9.288978720164517121e-09 5.107802073242763680e-64 9.999999999999999704e-61
9.727203192450557737e-09 5.240657898778936846e-65 9.999999999999999704e-61
1.018610170155977347e-08 4.839843589937376908e-66 9.999999999999999704e-61
1.066664958279541052e-08 4.003264943893560717e-67 9.999999999999999704e-61
1.116986818467824876e-08 2.950372355330717052e-68 9.999999999999999704e-61
1.169682703970387024e-08 1.926878319293471781e-69 9.999999999999999704e-61
1.224864613750933277e-08 1.108844474597607955e-70 9.999999999999999704e-61
1.282649830528062527e-08 5.588985451496413529e-72 9.999999999999999704e-61
1.343161170046018149e-08 2.452031824662843221e-73 9.999999999999999704e-61
1.406527242105239314e-08 9.302650330400812174e-75 9.999999999999999704e-61
1.472882723907504789e-08 3.031079406248425709e-76 9.999999999999999704e-61
1.542368646296630407e-08 8.421317442986179603e-78 9.999999999999999704e-61
1.615132693503093034e-08 1.980112486580693823e-79 9.999999999999999704e-61
1.691329517029650547e-08 3.909378721997921078e-81 9.999999999999999704e-61
1.771121064345090409e-08 6.427666648052975004e-83 9.999999999999999704e-61
1.854676923084701406e-08 8.725240653560239729e-85 9.999999999999999704e-61
1.942174681489028549e-08 9.690670442918426993e-87 9.999999999999999704e-61
2.033800305846984145e-08 8.723107543319045662e-89 9.999999999999999704e-61
2.129748535745523370e-08 6.301215189291601710e-91 9.999999999999999704e-61
2.230223297965940866e-08 3.614969665830644222e-93 9.999999999999999704e-61
2.335438139906481709e-08 1.629262837629465296e-95 9.999999999999999704e-61
2.445616683452449150e-08 5.703480400668776697e-98 9.999999999999999704e-61
2.560993100258461867e-08 1.532406507251637698e-100 9.999999999999999704e-61
2.681812609453018332e-08 3.120843138704714589e-103 9.999999999999999704e-61
2.808331998823175453e-08 4.755068075604353360e-106 9.999999999999999704e-61
2.940820170587066704e-08 5.346671265322640614e-109 9.999999999999999704e-61
3.079558712914229992e-08 4.373476637034329237e-112 9.999999999999999704e-61
3.224842498408445454e-08 2.563702749487577572e-115 9.999999999999999704e-61
3.376980310825094702e-08 1.060179629334536882e-118 9.999999999999999704e-61
3.536295501355046181e-08 3.042380365248053910e-122 9.999999999999999704e-61
3.703126675869931030e-08 5.955029556510537499e-126 9.999999999999999704e-61
3.877828414589461193e-08 7.808212397426914971e-130 9.999999999999999704e-61
4.060772025700369827e-08 6.729885976578161604e-134 9.999999999999999704e-61
4.252346334528686149e-08 3.738143940225235931e-138 9.999999999999999704e-61
4.452958509942659919e-08 1.310674520647318238e-142 9.999999999999999704e-61
4.663034929742736423e-08 2.838558443627692641e-147 9.999999999999999704e-61
4.883022086877884907e-08 3.711879668056366360e-152 9.999999999999999704e-61
5.113387538414331473e-08 2.861845825975561831e-157 9.999999999999999704e-61
5.354620899273612896e-08 1.268908921342204495e-162 9.999999999999999704e-61
5.607234882852038626e-08 3.152183229721093269e-168 9.999999999999999704e-61
5.871766390733261252e-08 4.268933645407429279e-174 9.999999999999999704e-61
6.148777653810029402e-08 3.062841202075265349e-180 9.999999999999999704e-61
6.438857427240425885e-08 1.129823134259951643e-186 9.999999999999999704e-61
6.742622241778348566e-08 2.076572353137483095e-193 9.999999999999999704e-61
7.060717714137780441e-08 1.840182841788169764e-200 9.999999999999999704e-61
7.393819919175873408e-08 7.596359398721908548e-208 9.999999999999999704e-61
7.742636826811277423e-08 1.409057851344552907e-215 9.999999999999999704e-61
8.107909806731694335e-08 1.130942983065942918e-223 9.999999999999999704e-61
8.490415204088755019e-08 3.775528004844476357e-232 9.999999999999999704e-61
8.890965989529167059e-08 5.029983923266429577e-241 9.999999999999999704e-61
9.310413487069084958e-08 2.560862800585136368e-250 9.999999999999999704e-61
9.749649183484096280e-08 4.761324907430377884e-260 9.999999999999999704e-61
1.020960662306047507e-07 3.082849236948191681e-270 9.999999999999999704e-61
1.069126339173477244e-07 6.613741429780628139e-281 9.999999999999999704e-61
1.119564319483879454e-07 4.462523125689415310e-292 9.999999999999999704e-61
1.172381803286599787e-07 8.967105208391913745e-304 9.999999999999999704e-61
1.227691047988360438e-07 5.068093972464431547e-316 9.999999999999999704e-61
1.285609606943296583e-07 0.000000000000000000e+00 9.999999999999999704e-61
1.346260579298911120e-07 0.000000000000000000e+00 9.999999999999999704e-61
1.409772871628967586e-07 0.000000000000000000e+00 9.999999999999999704e-61
1.476281471909391007e-07 0.000000000000000000e+00 9.999999999999999704e-61
1.545927736419478581e-07 0.000000000000000000e+00 9.999999999999999704e-61
1.618859690178199234e-07 0.000000000000000000e+00 9.999999999999999704e-61
1.695232341554121267e-07 0.000000000000000000e+00 9.999999999999999704e-61
1.775208011717636022e-07 0.000000000000000000e+00 9.999999999999999704e-61
1.858956679635688209e-07 0.000000000000000000e+00 9.999999999999999704e-61
1.946656343342263367e-07 0.000000000000000000e+00 9.999999999999999704e-61
2.038493398252464128e-07 0.000000000000000000e+00 9.999999999999999704e-61
2.134663033324245399e-07 0.000000000000000000e+00 9.999999999999999704e-61
2.235369645909796521e-07 0.000000000000000000e+00 9.999999999999999704e-61
2.340827276178294396e-07 0.000000000000000000e+00 9.999999999999999704e-61
2.451260062033340071e-07 0.000000000000000000e+00 9.999999999999999704e-61
2.566902715491951804e-07 0.000000000000000000e+00 9.999999999999999704e-61
2.688001021537607504e-07 0.000000000000000000e+00 9.999999999999999704e-61
2.814812360507581187e-07 0.000000000000000000e+00 9.999999999999999704e-61
2.947606255124858674e-07 0.000000000000000000e+00 9.999999999999999704e-61
3.086664943337274455e-07 0.000000000000000000e+00 9.999999999999999704e-61
3.232283978181380843e-07 0.000000000000000000e+00 9.999999999999999704e-61
3.384772855945982781e-07 0.000000000000000000e+00 9.999999999999999704e-61
3.544455673970435314e-07 0.000000000000000000e+00 9.999999999999999704e-61
3.711671819475767101e-07 0.000000000000000000e+00 9.999999999999999704e-61
3.886776690892667625e-07 0.000000000000000000e+00 9.999999999999999704e-61
4.070142453219438655e-07 0.000000000000000000e+00 9.999999999999999704e-61
4.262158829015324816e-07 0.000000000000000000e+00 9.999999999999999704e-61
4.463233926710397352e-07 0.000000000000000000e+00 9.999999999999999704e-61
4.673795107992463821e-07 0.000000000000000000e+00 9.999999999999999704e-61
4.894289896114531210e-07 0.000000000000000000e+00 9.999999999999999704e-61
5.125186927053332351e-07 0.000000000000000000e+00 9.999999999999999704e-61
5.366976945540476201e-07 0.000000000000000000e+00 9.999999999999999704e-61
5.620173848083188160e-07 0.000000000000000000e+00 9.999999999999999704e-61
5.885315775191450570e-07 0.000000000000000000e+00 9.999999999999999704e-61
6.162966255132942029e-07 0.000000000000000000e+00 9.999999999999999704e-61
6.453715401646701822e-07 0.000000000000000000e+00 9.999999999999999704e-61
6.758181168161110774e-07 0.000000000000000000e+00 9.999999999999999704e-61
7.077010661181889092e-07 0.000000000000000000e+00 9.999999999999999704e-61
7.410881515641569675e-07 0.000000000000000000e+00 9.999999999999999704e-61
7.760503335133571367e-07 0.000000000000000000e+00 9.999999999999999704e-61
8.126619200091945450e-07 0.000000000000000000e+00 9.999999999999999704e-61
8.510007247122246521e-07 0.000000000000000000e+00 9.999999999999999704e-61
8.911482322840201806e-07 0.000000000000000000e+00 9.999999999999999704e-61
9.331897715733238557e-07 0.000000000000000000e+00 9.999999999999999704e-61
9.772146969725724298e-07 0.000000000000000000e+00 9.999999999999999704e-61
1.023316578330244814e-06 0.000000000000000000e+00 9.999999999999999704e-61
1.071593399822671139e-06 0.000000000000000000e+00 9.999999999999999704e-61
1.122147768207980129e-06 0.000000000000000000e+00 9.999999999999999704e-61
1.175087130904807464e-06 0.000000000000000000e+00 9.999999999999999704e-61
1.230524004359261563e-06 0.000000000000000000e+00 9.999999999999999704e-61
1.288576213185518045e-06 0.000000000000000000e+00 9.999999999999999704e-61
1.349367140588306489e-06 0.000000000000000000e+00 9.999999999999999704e-61
1.413025990599533632e-06 0.000000000000000000e+00 9.999999999999999704e-61
1.479688062686396214e-06 0.000000000000000000e+00 9.999999999999999704e-61
1.549495039314631713e-06 0.000000000000000000e+00 9.999999999999999704e-61
1.622595287078087214e-06 0.000000000000000000e+00 9.999999999999999704e-61
1.699144172034625966e-06 0.000000000000000000e+00 9.999999999999999704e-61
1.779304389918577364e-06 0.000000000000000000e+00 9.999999999999999704e-61
1.863246311931559818e-06 0.000000000000000000e+00 9.999999999999999704e-61
1.951148346846616293e-06 0.000000000000000000e+00 9.999999999999999704e-61
2.043197320195270527e-06 0.000000000000000000e+00 9.999999999999999704e-61
2.139588871343421664e-06 0.000000000000000000e+00 9.999999999999999704e-61
2.240527869300017970e-06 0.000000000000000000e+00 9.999999999999999704e-61
2.346228848142262270e-06 0.000000000000000000e+00 9.999999999999999704e-61
2.456916462982790237e-06 0.000000000000000000e+00 9.999999999999999704e-61
2.572825967447932223e-06 0.000000000000000000e+00 9.999999999999999704e-61
2.694203713681882057e-06 0.000000000000000000e+00 9.999999999999999704e-61
2.821307675939470909e-06 0.000000000000000000e+00 9.999999999999999704e-61
2.954407998880379827e-06 0.000000000000000000e+00 9.999999999999999704e-61
3.093787571730136731e-06 0.000000000000000000e+00 9.999999999999999704e-61
3.239742629528195378e-06 0.000000000000000000e+00 9.999999999999999704e-61
3.392583382740992040e-06 0.000000000000000000e+00 9.999999999999999704e-61
3.552634676578139464e-06 0.000000000000000000e+00 9.999999999999999704e-61
3.720236681413065725e-06 0.000000000000000000e+00 9.999999999999999704e-61
3.895745615775500812e-06 0.000000000000000000e+00 9.999999999999999704e-61
4.079534503452448557e-06 0.000000000000000000e+00 9.999999999999999704e-61
4.271993966306776970e-06 0.000000000000000000e+00 9.999999999999999704e-61
4.473533054498463085e-06 0.000000000000000000e+00 9.999999999999999704e-61
4.684580115873045307e-06 0.000000000000000000e+00 9.999999999999999704e-61
4.905583706365045857e-06 0.000000000000000000e+00 9.999999999999999704e-61
5.137013543351338897e-06 0.000000000000000000e+00 9.999999999999999704e-61
5.379361503980697620e-06 0.000000000000000000e+00 9.999999999999999704e-61
5.633142670601352205e-06 0.000000000000000000e+00 9.999999999999999704e-61
5.898896425508492959e-06 0.000000000000000000e+00 9.999999999999999704e-61
6.177187597338488473e-06 0.000000000000000000e+00 9.999999999999999704e-61
6.468607661546320942e-06 0.000000000000000000e+00 9.999999999999999704e-61
6.773775997517744987e-06 0.000000000000000000e+00 9.999999999999999704e-61
7.093341204987989700e-06 0.000000000000000000e+00 9.999999999999999704e-61
7.427982482564910469e-06 0.000000000000000000e+00 9.999999999999999704e-61
7.778411071286482598e-06 0.000000000000000000e+00 9.999999999999999704e-61
8.145371766280736623e-06 0.000000000000000000e+00 9.999999999999999704e-61
8.529644499741016815e-06 0.000000000000000000e+00 9.999999999999999704e-61
8.932045998580959975e-06 0.000000000000000000e+00 9.999999999999999704e-61
9.353431520292377225e-06 0.000000000000000000e+00 9.999999999999999704e-61
9.794696670695385670e-06 0.000000000000000000e+00 9.999999999999999704e-61
1.025677930744420885e-05 0.000000000000000000e+00 9.999999999999999704e-61
1.074066153333432268e-05 0.000000000000000000e+00 9.999999999999999704e-61
1.124737178364750747e-05 0.000000000000000000e+00 9.999999999999999704e-61
1.177798701197118017e-05 0.000000000000000000e+00 9.999999999999999704e-61
1.233363497913774693e-05 0.000000000000000000e+00 9.999999999999999704e-61
1.291549665014882683e-05 0.000000000000000000e+00 9.999999999999999704e-61
1.352480870417873994e-05 0.000000000000000000e+00 9.999999999999999704e-61
1.416286616299197323e-05 0.000000000000000000e+00 9.999999999999999704e-61
1.483102514336102853e-05 0.000000000000000000e+00 9.999999999999999704e-61
1.553070573933458561e-05 0.000000000000000000e+00 9.999999999999999704e-61
1.626339504048190734e-05 0.000000000000000000e+00 9.999999999999999704e-61
1.703065029252842484e-05 0.000000000000000000e+00 9.999999999999999704e-61
1.783410220710006182e-05 0.000000000000000000e+00 9.999999999999999704e-61
1.867545842761074234e-05 0.000000000000000000e+00 9.999999999999999704e-61
1.955650715865946999e-05 0.000000000000000000e+00 9.999999999999999704e-61
2.047912096665083489e-05 0.000000000000000000e+00 9.999999999999999704e-61
2.144526075971665420e-05 0.000000000000000000e+00 9.999999999999999704e-61
2.245697995539771554e-05 0.000000000000000000e+00 9.999999999999999704e-61
2.351642884494346329e-05 0.000000000000000000e+00 9.999999999999999704e-61
2.462585916350544169e-05 0.000000000000000000e+00 9.999999999999999704e-61
2.578762887593798400e-05 0.000000000000000000e+00 9.999999999999999704e-61
2.700420718837769874e-05 0.000000000000000000e+00 9.999999999999999704e-61
2.827817979625338199e-05 0.000000000000000000e+00 9.999999999999999704e-61
2.961225437988031288e-05 0.000000000000000000e+00 9.999999999999999704e-61
3.100926635931923166e-05 0.000000000000000000e+00 9.999999999999999704e-61
3.247218492073125124e-05 0.000000000000000000e+00 9.999999999999999704e-61
3.400411932703702948e-05 0.000000000000000000e+00 9.999999999999999704e-61
3.560832552629274530e-05 0.000000000000000000e+00 9.999999999999999704e-61
3.728821307182830118e-05 0.000000000000000000e+00 9.999999999999999704e-61
3.904735236885555739e-05 0.000000000000000000e+00 9.999999999999999704e-61
4.088948226294855729e-05 0.000000000000000000e+00 9.999999999999999704e-61
4.281851798652406427e-05 0.000000000000000000e+00 9.999999999999999704e-61
4.483855948021181329e-05 0.000000000000000000e+00 9.999999999999999704e-61
4.695390010680053220e-05 0.000000000000000000e+00 9.999999999999999704e-61
4.916903577628020937e-05 0.000000000000000000e+00 9.999999999999999704e-61
5.148867450137487077e-05 0.000000000000000000e+00 9.999999999999999704e-61
5.391774640387494473e-05 0.000000000000000000e+00 9.999999999999999704e-61
5.646141419303661265e-05 0.000000000000000000e+00 9.999999999999999704e-61
5.912508413831868832e-05 0.000000000000000000e+00 9.999999999999999704e-61
6.191441755977834316e-05 0.000000000000000000e+00 9.999999999999999704e-61
6.483534286054713498e-05 0.000000000000000000e+00 9.999999999999999704e-61
6.789406812696099274e-05 0.000000000000000000e+00 9.999999999999999704e-61
7.109709432312423570e-05 0.000000000000000000e+00 9.999999999999999704e-61
7.445122910795127504e-05 0.000000000000000000e+00 9.999999999999999704e-61
7.796360130405220322e-05 0.000000000000000000e+00 9.999999999999999704e-61
8.164167604921454785e-05 0.000000000000000000e+00 9.999999999999999704e-61
8.549327066268367487e-05 0.000000000000000000e+00 9.999999999999999704e-61
8.952657125996382206e-05 0.000000000000000000e+00 9.999999999999999704e-61
9.375015015145270181e-05 0.000000000000000000e+00 9.999999999999999704e-61
9.817298406188820444e-05 0.000000000000000000e+00 9.999999999999999704e-61
1.028044732093307700e-04 0.000000000000000000e+00 9.999999999999999704e-61
1.076544612842313624e-04 0.000000000000000000e+00 9.999999999999999704e-61
1.127332563710484881e-04 0.000000000000000000e+00 9.999999999999999704e-61
1.180516528568803172e-04 0.000000000000000000e+00 9.999999999999999704e-61
1.236209543736766707e-04 0.000000000000000000e+00 9.999999999999999704e-61
1.294529978227913325e-04 0.000000000000000000e+00 9.999999999999999704e-61
1.355601785329366268e-04 0.000000000000000000e+00 9.999999999999999704e-61
1.419554766050098581e-04 0.000000000000000000e+00 9.999999999999999704e-61
1.486524844997854104e-04 0.000000000000000000e+00 9.999999999999999704e-61
1.556654359271058901e-04 0.000000000000000000e+00 9.999999999999999704e-61
1.630092360979737832e-04 0.000000000000000000e+00 9.999999999999999704e-61
1.706994934038404490e-04 0.000000000000000000e+00 9.999999999999999704e-61
1.787525525904231933e-04 0.000000000000000000e+00 9.999999999999999704e-61
1.871855294965575525e-04 0.000000000000000000e+00 9.999999999999999704e-61
1.960163474319181706e-04 0.000000000000000000e+00 9.999999999999999704e-61
2.052637752709247855e-04 0.000000000000000000e+00 9.999999999999999704e-61
2.149474673437976133e-04 0.000000000000000000e+00 9.999999999999999704e-61
2.250880052095457096e-04 0.000000000000000000e+00 9.999999999999999704e-61
2.357069413996722965e-04 0.000000000000000000e+00 9.999999999999999704e-61
2.468268452255687460e-04 0.000000000000000000e+00 9.999999999999999704e-61
2.584713507469558655e-04 0.000000000000000000e+00 9.999999999999999704e-61
2.706652070033235651e-04 0.000000000000000000e+00 9.999999999999999704e-61
2.834343306151303221e-04 0.000000000000000000e+00 9.999999999999999704e-61
2.968058608665595987e-04 0.000000000000000000e+00 9.999999999999999704e-61
3.108082173869057682e-04 0.000000000000000000e+00 9.999999999999999704e-61
3.254711605531841658e-04 0.000000000000000000e+00 9.999999999999999704e-61
3.408258547423445063e-04 0.000000000000000000e+00 9.999999999999999704e-61
3.569049345675222307e-04 0.000000000000000000e+00 9.999999999999999704e-61
3.737425742391056347e-04 0.000000000000000000e+00 9.999999999999999704e-61
3.913745601980375861e-04 0.000000000000000000e+00 9.999999999999999704e-61
4.098383671757253053e-04 0.000000000000000000e+00 9.999999999999999704e-61
4.291732378422148685e-04 0.000000000000000000e+00 9.999999999999999704e-61
4.494202662119133160e-04 0.000000000000000000e+00 9.999999999999999704e-61
4.706224849841272070e-04 0.000000000000000000e+00 9.999999999999999704e-61
4.928249570040503296e-04 0.000000000000000000e+00 9.999999999999999704e-61
5.160748710385897184e-04 0.000000000000000000e+00 9.999999999999999704e-61
5.404216420705904023e-04 0.000000000000000000e+00 9.999999999999999704e-61
5.659170163246230595e-04 0.000000000000000000e+00 9.999999999999999704e-61
5.926151812475540783e-04 0.000000000000000000e+00 9.999999999999999704e-61
6.205728806776487612e-04 0.000000000000000000e+00 9.999999999999999704e-61
6.498495354469875076e-04 0.000000000000000000e+00 9.999999999999999704e-61
6.805073696735220541e-04 0.000000000000000000e+00 9.999999999999999704e-61
7.126115430111759933e-04 0.000000000000000000e+00 9.999999999999999704e-61
7.462302891391123542e-04 0.000000000000000000e+00 9.999999999999999704e-61
7.814350607844558396e-04 0.000000000000000000e+00 9.999999999999999704e-61
8.183006815867406017e-04 0.000000000000000000e+00 9.999999999999999704e-61
8.569055051268364455e-04 0.000000000000000000e+00 9.999999999999999704e-61
8.973315814583538146e-04 0.000000000000000000e+00 9.999999999999999704e-61
9.396648314954709948e-04 0.000000000000000000e+00 9.999999999999999704e-61
9.839952296278246628e-04 0.000000000000000000e+00 9.999999999999999704e-61
1.030416994950589509e-03 0.000000000000000000e+00 9.999999999999999704e-61
1.079028791516185816e-03 0.000000000000000000e+00 9.999999999999999704e-61
1.129933938033224079e-03 0.000000000000000000e+00 9.999999999999999704e-61
1.183240627458380509e-03 0.000000000000000000e+00 9.999999999999999704e-61
1.239062156947918179e-03 0.000000000000000000e+00 9.999999999999999704e-61
1.297517168657589398e-03 0.000000000000000000e+00 9.999999999999999704e-61
1.358729901902711945e-03 0.000000000000000000e+00 9.999999999999999704e-61
1.422830457214354846e-03 0.000000000000000000e+00 9.999999999999999704e-61
1.489955072852856832e-03 0.000000000000000000e+00 9.999999999999999704e-61
1.560246414366371235e-03 0.000000000000000000e+00 9.999999999999999704e-61
1.633853877809863641e-03 0.000000000000000000e+00 9.999999999999999704e-61
1.710933907269016844e-03 0.000000000000000000e+00 9.999999999999999704e-61
1.791650327363903230e-03 0.000000000000000000e+00 9.999999999999999704e-61
1.876174691439123389e-03 0.000000000000000000e+00 9.999999999999999704e-61
1.964686646180448769e-03 0.000000000000000000e+00 9.999999999999999704e-61
2.057374313432915741e-03 0.000000000000000000e+00 9.999999999999999704e-61
2.154434690031886875e-03 0.000000000000000000e+00 9.999999999999999704e-61
2.256074066496863845e-03 0.000000000000000000e+00 9.999999999999999704e-61
2.362508465477950164e-03 0.000000000000000000e+00 9.999999999999999704e-61
2.473964100886816633e-03 0.000000000000000000e+00 9.999999999999999704e-61
2.590677858688011318e-03 0.000000000000000000e+00 9.999999999999999704e-61
2.712897800372469827e-03 0.000000000000000000e+00 9.999999999999999704e-61
2.840883690183306984e-03 0.000000000000000000e+00 9.999999999999999704e-61
2.974907547214443622e-03 0.000000000000000000e+00 9.999999999999999704e-61
3.115254223555491420e-03 0.000000000000000000e+00 9.999999999999999704e-61
3.262222009711673257e-03 0.000000000000000000e+00 9.999999999999999704e-61
3.416123268585531930e-03 0.000000000000000000e+00 9.999999999999999704e-61
3.577285099367877134e-03 0.000000000000000000e+00 9.999999999999999704e-61
3.746050032748996991e-03 0.000000000000000000e+00 9.999999999999999704e-61
3.922776758927723831e-03 0.000000000000000000e+00 9.999999999999999704e-61
4.107840889965651276e-03 0.000000000000000000e+00 9.999999999999999704e-61
4.301635758106799393e-03 0.000000000000000000e+00 9.999999999999999704e-61
4.504573251759462667e-03 0.000000000000000000e+00 9.999999999999999704e-61
4.717084690917022240e-03 0.000000000000000000e+00 9.999999999999999704e-61
4.939621743878326067e-03 0.000000000000000000e+00 9.999999999999999704e-61
5.172657387216024645e-03 0.000000000000000000e+00 9.999999999999999704e-61
5.416686911033157317e-03 0.000000000000000000e+00 9.999999999999999704e-61
5.672228971644549186e-03 0.000000000000000000e+00 9.999999999999999704e-61
5.939826693920362624e-03 0.000000000000000000e+00 9.999999999999999704e-61
6.220048825634718302e-03 0.000000000000000000e+00 9.999999999999999704e-61
6.513490946272809494e-03 0.000000000000000000e+00 9.999999999999999704e-61
6.820776732865692360e-03 0.000000000000000000e+00 9.999999999999999704e-61
7.142559285543133990e-03 0.000000000000000000e+00 9.999999999999999704e-61
7.479522515621828821e-03 0.000000000000000000e+00 9.999999999999999704e-61
7.832382599179203361e-03 0.000000000000000000e+00 9.999999999999999704e-61
8.201889499202211220e-03 0.000000000000000000e+00 9.999999999999999704e-61
8.588828559546258026e-03 0.000000000000000000e+00 9.999999999999999704e-61
8.994022174092054095e-03 0.000000000000000000e+00 9.999999999999999704e-61
9.418331534647959857e-03 0.000000000000000000e+00 9.999999999999999704e-61
9.862658461312829791e-03 0.000000000000000000e+00 9.999999999999999704e-61
1.032794731918952429e-02 0.000000000000000000e+00 9.999999999999999704e-61
1.081518702552289150e-02 0.000000000000000000e+00 9.999999999999999704e-61
1.132541315152812630e-02 0.000000000000000000e+00 9.999999999999999704e-61
1.185971012337670542e-02 0.000000000000000000e+00 9.999999999999999704e-61
1.241921352701784616e-02 0.000000000000000000e+00 9.999999999999999704e-61
1.300511252173409786e-02 0.000000000000000000e+00 9.999999999999999704e-61
1.361865236756082745e-02 0.000000000000000000e+00 9.999999999999999704e-61
1.426113707194129852e-02 0.000000000000000000e+00 9.999999999999999704e-61
1.493393216124253367e-02 0.000000000000000000e+00 9.999999999999999704e-61
1.563846758302247716e-02 0.000000000000000000e+00 9.999999999999999704e-61
1.637624074521688844e-02 0.000000000000000000e+00 9.999999999999999704e-61
1.714881969870540868e-02 0.000000000000000000e+00 9.999999999999999704e-61
1.795784647002096959e-02 0.000000000000000000e+00 9.999999999999999704e-61
1.880504055128583499e-02 0.000000000000000000e+00 9.999999999999999704e-61
1.969220255479173579e-02 0.000000000000000000e+00 9.999999999999999704e-61
2.062121803999144437e-02 0.000000000000000000e+00 9.999999999999999704e-61
2.159406152103567761e-02 0.000000000000000000e+00 9.999999999999999704e-61
2.261280066337279654e-02 0.000000000000000000e+00 9.999999999999999704e-61
2.367960067833078594e-02 0.000000000000000000e+00 9.999999999999999704e-61
2.479672892502160150e-02 0.000000000000000000e+00 9.999999999999999704e-61
2.596655972934872394e-02 0.000000000000000000e+00 9.999999999999999704e-61
2.719157943036018890e-02 0.000000000000000000e+00 9.999999999999999704e-61
2.847439166467247845e-02 0.000000000000000000e+00 9.999999999999999704e-61
2.981772290019673449e-02 0.000000000000000000e+00 9.999999999999999704e-61
3.122442823092858033e-02 0.000000000000000000e+00 9.999999999999999704e-61
3.269749744511767781e-02 0.000000000000000000e+00 9.999999999999999704e-61
3.424006137971425529e-02 0.000000000000000000e+00 9.999999999999999704e-61
3.585539857459817126e-02 0.000000000000000000e+00 9.999999999999999704e-61
3.754694224073337055e-02 0.000000000000000000e+00 9.999999999999999704e-61
3.931828755705769896e-02 0.000000000000000000e+00 9.999999999999999704e-61
4.117319931161678853e-02 0.000000000000000000e+00 9.999999999999999704e-61
4.311561990318228677e-02 0.000000000000000000e+00 9.999999999999999704e-61
4.514967772036102001e-02 0.000000000000000000e+00 9.999999999999999704e-61
4.727969591600390820e-02 0.000000000000000000e+00 9.999999999999999704e-61
4.951020159556351191e-02 0.000000000000000000e+00 9.999999999999999704e-61
5.184593543892913187e-02 0.000000000000000000e+00 9.999999999999999704e-61
5.429186177618942899e-02 0.000000000000000000e+00 9.999999999999999704e-61
5.685317913873753209e-02 0.000000000000000000e+00 9.999999999999999704e-61
5.953533130814370189e-02 0.000000000000000000e+00 9.999999999999999704e-61
6.234401888627864180e-02 0.000000000000000000e+00 9.999999999999999704e-61
6.528521141127847927e-02 0.000000000000000000e+00 9.999999999999999704e-61
6.836516004510238831e-02 0.000000000000000000e+00 9.999999999999999704e-61
7.159041085964888695e-02 0.000000000000000000e+00 9.999999999999999704e-61
7.496781874966876313e-02 0.000000000000000000e+00 9.999999999999999704e-61
7.850456200204508628e-02 0.000000000000000000e+00 9.999999999999999704e-61
8.220815755240540312e-02 0.000000000000000000e+00 9.999999999999999704e-61
8.608647696149245021e-02 0.000000000000000000e+00 9.999999999999999704e-61
9.014776314524917955e-02 0.000000000000000000e+00 9.999999999999999704e-61
9.440064789417602908e-02 0.000000000000000000e+00 9.999999999999999704e-61
9.885417021919573610e-02 0.000000000000000000e+00 9.999999999999999704e-61
1.035177955630176283e-01 0.000000000000000000e+00 9.999999999999999704e-61
1.084014359178330916e-01 0.000000000000000000e+00 9.999999999999999704e-61
1.135154708920999012e-01 0.000000000000000000e+00 9.999999999999999704e-61
1.188707697711903349e-01 0.000000000000000000e+00 9.999999999999999704e-61
1.244787146187906202e-01 0.000000000000000000e+00 9.999999999999999704e-61
1.303512244681508947e-01 0.000000000000000000e+00 9.999999999999999704e-61
1.365007806546013891e-01 0.000000000000000000e+00 9.999999999999999704e-61
1.429404533431760937e-01 0.000000000000000000e+00 9.999999999999999704e-61
1.496839293077255606e-01 0.000000000000000000e+00 9.999999999999999704e-61
1.567455410205594868e-01 0.000000000000000000e+00 9.999999999999999704e-61
1.641402971144466372e-01 0.000000000000000000e+00 9.999999999999999704e-61
1.718839142817145671e-01 0.000000000000000000e+00 9.999999999999999704e-61
1.799928506782476345e-01 0.000000000000000000e+00 9.999999999999999704e-61
1.884843409033795381e-01 0.000000000000000000e+00 9.999999999999999704e-61
1.973764326300255501e-01 0.000000000000000000e+00 9.999999999999999704e-61
2.066880249629081956e-01 0.000000000000000000e+00 9.999999999999999704e-61
2.164389086064020251e-01 0.000000000000000000e+00 9.999999999999999704e-61
2.266498079273692734e-01 0.000000000000000000e+00 9.999999999999999704e-61
2.373424250023866144e-01 0.000000000000000000e+00 9.999999999999999704e-61
2.485394857429798487e-01 0.000000000000000000e+00 9.999999999999999704e-61
2.602647881969004651e-01 0.000000000000000000e+00 9.999999999999999704e-61
2.725432531281027915e-01 0.000000000000000000e+00 9.999999999999999704e-61
2.854009769829237708e-01 0.000000000000000000e+00 9.999999999999999704e-61
2.988652873550382560e-01 0.000000000000000000e+00 9.999999999999999704e-61
3.129648010670750269e-01 0.000000000000000000e+00 9.999999999999999704e-61
3.277294849923382269e-01 0.000000000000000000e+00 9.999999999999999704e-61
3.431907197459042602e-01 0.000000000000000000e+00 9.999999999999999704e-61
3.593813663804625858e-01 0.000000000000000000e+00 9.999999999999999704e-61
3.763358362286532977e-01 0.000000000000000000e+00 9.999999999999999704e-61
3.940901640403447481e-01 0.000000000000000000e+00 9.999999999999999704e-61
4.126820845702952045e-01 0.000000000000000000e+00 9.999999999999999704e-61
4.321511127789762208e-01 0.000000000000000000e+00 9.999999999999999704e-61
4.525386278170166476e-01 0.000000000000000000e+00 9.999999999999999704e-61
4.738879609717651098e-01 0.000000000000000000e+00 9.999999999999999704e-61
4.962444877628913176e-01 0.000000000000000000e+00 9.999999999999999704e-61
5.196557243827657491e-01 0.000000000000000000e+00 9.999999999999999704e-61
5.441714286865887429e-01 0.000000000000000000e+00 9.999999999999999704e-61
5.698437059469135813e-01 0.000000000000000000e+00 9.999999999999999704e-61
5.967271195973310460e-01 0.000000000000000000e+00 9.999999999999999704e-61
6.248788072006887795e-01 0.000000000000000000e+00 9.999999999999999704e-61
6.543586018883229549e-01 0.000000000000000000e+00 9.999999999999999704e-61
6.852291595284056847e-01 0.000000000000000000e+00 9.999999999999999704e-61
7.175560918936920718e-01 0.000000000000000000e+00 9.999999999999999704e-61
7.514081061116961724e-01 0.000000000000000000e+00 9.999999999999999704e-61
7.868571506936843374e-01 0.000000000000000000e+00 9.999999999999999704e-61
8.239785684528511123e-01 0.000000000000000000e+00 9.999999999999999704e-61
8.628512566366887127e-01 0.000000000000000000e+00 9.999999999999999704e-61
9.035578346138920525e-01 0.000000000000000000e+00 9.999999999999999704e-61
9.461848194721992344e-01 0.000000000000000000e+00 9.999999999999999704e-61
9.908228099003787426e-01 0.000000000000000000e+00 9.999999999999999704e-61
1.037566678745189153e+00 0.000000000000000000e+00 9.999999999999999704e-61
1.086515774652541788e+00 0.000000000000000000e+00 9.999999999999999704e-61
1.137774133221494788e+00 0.000000000000000000e+00 9.999999999999999704e-61
1.191450698119779661e+00 0.000000000000000000e+00 9.999999999999999704e-61
1.247659552630873581e+00 0.000000000000000000e+00 9.999999999999999704e-61
1.306520162124725326e+00 0.000000000000000000e+00 9.999999999999999704e-61
1.368157627967476087e+00 0.000000000000000000e+00 9.999999999999999704e-61
1.432702953409835223e+00 0.000000000000000000e+00 9.999999999999999704e-61
1.500293322019222941e+00 0.000000000000000000e+00 9.999999999999999704e-61
1.571072389247455181e+00 0.000000000000000000e+00 9.999999999999999704e-61
1.645190587753667444e+00 0.000000000000000000e+00 9.999999999999999704e-61
1.722805447131399159e+00 0.000000000000000000e+00 9.999999999999999704e-61
1.804081928719388328e+00 0.000000000000000000e+00 9.999999999999999704e-61
1.889192776207672120e+00 0.000000000000000000e+00 9.999999999999999704e-61
1.978318882784170452e+00 0.000000000000000000e+00 9.999999999999999704e-61
2.071649675602075469e+00 0.000000000000000000e+00 9.999999999999999704e-61
2.169383518385191056e+00 0.000000000000000000e+00 9.999999999999999704e-61
2.271728133026912122e+00 0.000000000000000000e+00 9.999999999999999704e-61
2.378901041078900658e+00 0.000000000000000000e+00 9.999999999999999704e-61
2.491130026067795988e+00 0.000000000000000000e+00 9.999999999999999704e-61
2.608653617622556098e+00 0.000000000000000000e+00 9.999999999999999704e-61
2.731721598441384735e+00 0.000000000000000000e+00 9.999999999999999704e-61
2.860595535175750825e+00 0.000000000000000000e+00 9.999999999999999704e-61
2.995549334359822513e+00 0.000000000000000000e+00 9.999999999999999704e-61
3.136869824566886233e+00 0.000000000000000000e+00 9.999999999999999704e-61
3.284857366030053516e+00 0.000000000000000000e+00 9.999999999999999704e-61
3.439826489022935085e+00 0.000000000000000000e+00 9.999999999999999704e-61
3.602106562357080932e+00 0.000000000000000000e+00 9.999999999999999704e-61
3.772042493417008924e+00 0.000000000000000000e+00 9.999999999999999704e-61
3.949995461220654924e+00 0.000000000000000000e+00 9.999999999999999704e-61
4.136343684063286119e+00 0.000000000000000000e+00 9.999999999999999704e-61
4.331483223376412006e+00 0.000000000000000000e+00 9.999999999999999704e-61
4.535828825510200168e+00 0.000000000000000000e+00 9.999999999999999704e-61
4.749814803228514570e+00 0.000000000000000000e+00 9.999999999999999704e-61
4.973895958790078176e+00 0.000000000000000000e+00 9.999999999999999704e-61
5.208548550577676295e+00 0.000000000000000000e+00 9.999999999999999704e-61
5.454271305329847053e+00 0.000000000000000000e+00 9.999999999999999704e-61
5.711586478126446487e+00 0.000000000000000000e+00 9.999999999999999704e-61
5.981040962380956394e+00 0.000000000000000000e+00 9.999999999999999704e-61
6.263207452198705560e+00 0.000000000000000000e+00 9.999999999999999704e-61
6.558685659571448667e+00 0.000000000000000000e+00 9.999999999999999704e-61
6.868103588995321473e+00 0.000000000000000000e+00 9.999999999999999704e-61
7.192118872221207937e+00 0.000000000000000000e+00 9.999999999999999704e-61
7.531420165974391345e+00 0.000000000000000000e+00 9.999999999999999704e-61
7.886728615614171822e+00 0.000000000000000000e+00 9.999999999999999704e-61
8.258799387844289797e+00 0.000000000000000000e+00 9.999999999999999704e-61
8.648423275731744297e+00 0.000000000000000000e+00 9.999999999999999704e-61
9.056428379445312871e+00 0.000000000000000000e+00 9.999999999999999704e-61
9.483681866285946782e+00 0.000000000000000000e+00 9.999999999999999704e-61
9.931091813749821640e+00 0.000000000000000000e+00 9.999999999999999704e-61
1.039960913954122468e+01 0.000000000000000000e+00 9.999999999999999704e-61
1.089022962263732808e+01 0.000000000000000000e+00 9.999999999999999704e-61
1.140399601970035448e+01 0.000000000000000000e+00 9.999999999999999704e-61
1.194200028133534985e+01 0.000000000000000000e+00 9.999999999999999704e-61
1.250538587290393977e+01 0.000000000000000000e+00 9.999999999999999704e-61
1.309535020482670298e+01 0.000000000000000000e+00 9.999999999999999704e-61
1.371314717753948464e+01 0.000000000000000000e+00 9.999999999999999704e-61
1.436008984651263631e+01 0.000000000000000000e+00 9.999999999999999704e-61
1.503755321299741432e+01 0.000000000000000000e+00 9.999999999999999704e-61
1.574697714643089874e+01 0.000000000000000000e+00 9.999999999999999704e-61
1.648986944471068128e+01 0.000000000000000000e+00 9.999999999999999704e-61
1.726780903884359475e+01 0.000000000000000000e+00 9.999999999999999704e-61
1.808244934877955501e+01 0.000000000000000000e+00 9.999999999999999704e-61
1.893552179756299125e+01 0.000000000000000000e+00 9.999999999999999704e-61
1.982883949127075596e+01 0.000000000000000000e+00 9.999999999999999704e-61
2.076430107255778879e+01 0.000000000000000000e+00 9.999999999999999704e-61
2.174389475600084509e+01 0.000000000000000000e+00 9.999999999999999704e-61
2.276970255381684538e+01 0.000000000000000000e+00 9.999999999999999704e-61
2.384390470093725511e+01 0.000000000000000000e+00 9.999999999999999704e-61
2.496878428884332024e+01 0.000000000000000000e+00 9.999999999999999704e-61
2.614673211801097352e+01 0.000000000000000000e+00 9.999999999999999704e-61
2.738025177927863396e+01 0.000000000000000000e+00 9.999999999999999704e-61
2.867196497493775453e+01 0.000000000000000000e+00 9.999999999999999704e-61
3.002461709085555341e+01 0.000000000000000000e+00 9.999999999999999704e-61
3.144108303147271499e+01 0.000000000000000000e+00 9.999999999999999704e-61
3.292437333007775635e+01 0.000000000000000000e+00 9.999999999999999704e-61
3.447764054734471273e+01 0.000000000000000000e+00 9.999999999999999704e-61
3.610418597173345034e+01 0.000000000000000000e+00 9.999999999999999704e-61
3.780746663599357049e+01 0.000000000000000000e+00 9.999999999999999704e-61
3.959110266468466932e+01 0.000000000000000000e+00 9.999999999999999704e-61
4.145888496832919401e+01 0.000000000000000000e+00 9.999999999999999704e-61
4.341478330055101509e+01 0.000000000000000000e+00 9.999999999999999704e-61
4.546295469532408617e+01 0.000000000000000000e+00 9.999999999999999704e-61
4.760775230226377630e+01 0.000000000000000000e+00 9.999999999999999704e-61
4.985373463873904143e+01 0.000000000000000000e+00 9.999999999999999704e-61
5.220567527846986167e+01 0.000000000000000000e+00 9.999999999999999704e-61
5.466857299720192032e+01 0.000000000000000000e+00 9.999999999999999704e-61
5.724766239702190518e+01 0.000000000000000000e+00 9.999999999999999704e-61
5.994842503189421024e+01 0.000000000000000000e+00 9.999999999999999704e-61
6.277660105806512547e+01 0.000000000000000000e+00 9.999999999999999704e-61
6.573820143409598415e+01 0.000000000000000000e+00 9.999999999999999704e-61
6.883952069645509653e+01 0.000000000000000000e+00 9.999999999999999704e-61
7.208715033782149817e+01 0.000000000000000000e+00 9.999999999999999704e-61
7.548799281653447224e+01 0.000000000000000000e+00 9.999999999999999704e-61
7.904927622696436629e+01 0.000000000000000000e+00 9.999999999999999704e-61
8.277856966198488919e+01 0.000000000000000000e+00 9.999999999999999704e-61
8.668379930019791857e+01 0.000000000000000000e+00 9.999999999999999704e-61
9.077326525210241925e+01 0.000000000000000000e+00 9.999999999999999704e-61
9.505565920101210509e+01 0.000000000000000000e+00 9.999999999999999704e-61
9.954008287621539353e+01 0.000000000000000000e+00 9.999999999999999704e-61
1.042360673976403262e+02 0.000000000000000000e+00 9.999999999999999704e-61
1.091535935331393290e+02 0.000000000000000000e+00 9.999999999999999704e-61
1.143031129114480962e+02 0.000000000000000000e+00 9.999999999999999704e-61
1.196955702359045262e+02 0.000000000000000000e+00 9.999999999999999704e-61
1.253424265461402030e+02 0.000000000000000000e+00 9.999999999999999704e-61
1.312556835771845556e+02 0.000000000000000000e+00 9.999999999999999704e-61
1.374479092677539427e+02 0.000000000000000000e+00 9.999999999999999704e-61
1.439322644719409539e+02 0.000000000000000000e+00 9.999999999999999704e-61
1.507225309310758519e+02 0.000000000000000000e+00 9.999999999999999704e-61
1.578331405652119770e+02 0.000000000000000000e+00 9.999999999999999704e-61
1.652792061464897131e+02 0.000000000000000000e+00 9.999999999999999704e-61
1.730765534195727753e+02 0.000000000000000000e+00 9.999999999999999704e-61
1.812417547374239462e+02 0.000000000000000000e+00 9.999999999999999704e-61
1.897921642839103242e+02 0.000000000000000000e+00 9.999999999999999704e-61
1.987459549580985936e+02 0.000000000000000000e+00 9.999999999999999704e-61
2.081221569986341535e+02 0.000000000000000000e+00 9.999999999999999704e-61
2.179406984302958108e+02 0.000000000000000000e+00 9.999999999999999704e-61
2.282224474186900807e+02 0.000000000000000000e+00 9.999999999999999704e-61
2.389892566231052626e+02 0.000000000000000000e+00 9.999999999999999704e-61
2.502640096417921711e+02 0.000000000000000000e+00 9.999999999999999704e-61
2.620706696483854898e+02 0.000000000000000000e+00 9.999999999999999704e-61
2.744343303228368427e+02 0.000000000000000000e+00 9.999999999999999704e-61
2.873812691851069303e+02 0.000000000000000000e+00 9.999999999999999704e-61
3.009390034449723998e+02 0.000000000000000000e+00 9.999999999999999704e-61
3.151363484866482736e+02 0.000000000000000000e+00 9.999999999999999704e-61
3.300034791125288507e+02 0.000000000000000000e+00 9.999999999999999704e-61
3.455719936762142765e+02 0.000000000000000000e+00 9.999999999999999704e-61
3.618749812411284097e+02 0.000000000000000000e+00 9.999999999999999704e-61
3.789470919074671542e+02 0.000000000000000000e+00 9.999999999999999704e-61
3.968246104569485624e+02 0.000000000000000000e+00 9.999999999999999704e-61
4.155455334718879499e+02 0.000000000000000000e+00 9.999999999999999704e-61
4.351496500925054534e+02 0.000000000000000000e+00 9.999999999999999704e-61
4.556786265841068371e+02 0.000000000000000000e+00 9.999999999999999704e-61
4.771760948938750744e+02 0.000000000000000000e+00 9.999999999999999704e-61
4.996877453854888813e+02 0.000000000000000000e+00 9.999999999999999704e-61
5.232614239486666747e+02 0.000000000000000000e+00 9.999999999999999704e-61
5.479472336900292930e+02 0.000000000000000000e+00 9.999999999999999704e-61
5.737976414214139140e+02 0.000000000000000000e+00 9.999999999999999704e-61
6.008675891719692572e+02 0.000000000000000000e+00 9.999999999999999704e-61
6.292146109610350777e+02 0.000000000000000000e+00 9.999999999999999704e-61
6.588989550799956305e+02 0.000000000000000000e+00 9.999999999999999704e-61
6.899837121430025491e+02 0.000000000000000000e+00 9.999999999999999704e-61
7.225349491787221723e+02 0.000000000000000000e+00 9.999999999999999704e-61
7.566218500481062392e+02 0.000000000000000000e+00 9.999999999999999704e-61
7.923168624866261780e+02 0.000000000000000000e+00 9.999999999999999704e-61
8.296958520834915589e+02 0.000000000000000000e+00 9.999999999999999704e-61
8.688382635251192596e+02 0.000000000000000000e+00 9.999999999999999704e-61
9.098272894455567439e+02 0.000000000000000000e+00 9.999999999999999704e-61
9.527500472427300338e+02 0.000000000000000000e+00 9.999999999999999704e-61
9.976977642363211771e+02 0.000000000000000000e+00 9.999999999999999704e-61
1.044765971560805156e+03 0.000000000000000000e+00 9.999999999999999704e-61
1.094054707205743625e+03 0.000000000000000000e+00 9.999999999999999704e-61
1.145668728634872650e+03 0.000000000000000000e+00 9.999999999999999704e-61
1.199717735435885515e+03 0.000000000000000000e+00 9.999999999999999704e-61
1.256316602474121510e+03 0.000000000000000000e+00 9.999999999999999704e-61
1.315585624045705117e+03 0.000000000000000000e+00 9.999999999999999704e-61
1.377650769549054985e+03 0.000000000000000000e+00 9.999999999999999704e-61
1.442643951218158918e+03 0.000000000000000000e+00 9.999999999999999704e-61
1.510703304486655497e+03 0.000000000000000000e+00 9.999999999999999704e-61
1.581973481578601422e+03 0.000000000000000000e+00 9.999999999999999704e-61
1.656605958949915248e+03 0.000000000000000000e+00 9.999999999999999704e-61
1.734759359233932628e+03 0.000000000000000000e+00 9.999999999999999704e-61
1.816599788375328671e+03 0.000000000000000000e+00 9.999999999999999704e-61
1.902301188668945770e+03 0.000000000000000000e+00 9.999999999999999704e-61
1.992045708453871384e+03 0.000000000000000000e+00 9.999999999999999704e-61
2.086024089248504879e+03 0.000000000000000000e+00 9.999999999999999704e-61
2.184436071149428244e+03 0.000000000000000000e+00 9.999999999999999704e-61
2.287490817355704166e+03 0.000000000000000000e+00 9.999999999999999704e-61
2.395407358720879529e+03 0.000000000000000000e+00 9.999999999999999704e-61
2.508415059277541332e+03 0.000000000000000000e+00 9.999999999999999704e-61
2.626754103723838398e+03 0.000000000000000000e+00 9.999999999999999704e-61
2.750676007908067277e+03 0.000000000000000000e+00 9.999999999999999704e-61
2.880444153396297679e+03 0.000000000000000000e+00 9.999999999999999704e-61
3.016334347259197330e+03 0.000000000000000000e+00 9.999999999999999704e-61
3.158635408267819003e+03 0.000000000000000000e+00 9.999999999999999704e-61
3.307649780744242435e+03 0.000000000000000000e+00 9.999999999999999704e-61
3.463694177371734440e+03 0.000000000000000000e+00 9.999999999999999704e-61
3.627100252330648345e+03 0.000000000000000000e+00 9.999999999999999704e-61
3.798215306190736101e+03 0.000000000000000000e+00 9.999999999999999704e-61
3.977403024058036863e+03 0.000000000000000000e+00 9.999999999999999704e-61
4.165044248545184928e+03 0.000000000000000000e+00 9.999999999999999704e-61
4.361537789208005961e+03 0.000000000000000000e+00 9.999999999999999704e-61
4.567301270168746669e+03 0.000000000000000000e+00 9.999999999999999704e-61
4.782772017727485036e+03 0.000000000000000000e+00 9.999999999999999704e-61
5.008407989848212310e+03 0.000000000000000000e+00 9.999999999999999704e-61
5.244688749495118827e+03 0.000000000000000000e+00 9.999999999999999704e-61
5.492116483887789400e+03 0.000000000000000000e+00 9.999999999999999704e-61
5.751217071841613688e+03 0.000000000000000000e+00 9.999999999999999704e-61
6.022541201461927812e+03 0.000000000000000000e+00 9.999999999999999704e-61
6.306665540567405515e+03 0.000000000000000000e+00 9.999999999999999704e-61
6.604193962330305112e+03 0.000000000000000000e+00 9.999999999999999704e-61
6.915758828738525153e+03 0.000000000000000000e+00 9.999999999999999704e-61
7.242022334607315315e+03 0.000000000000000000e+00 9.999999999999999704e-61
7.583677914997190783e+03 0.000000000000000000e+00 9.999999999999999704e-61
7.941451719029339984e+03 0.000000000000000000e+00 9.999999999999999704e-61
8.316104153230960947e+03 0.000000000000000000e+00 9.999999999999999704e-61
8.708431497690724427e+03 0.000000000000000000e+00 9.999999999999999704e-61
9.119267598459298824e+03 0.000000000000000000e+00 9.999999999999999704e-61
9.549485639791966605e+03 0.000000000000000000e+00 9.999999999999999704e-61
1.000000000000000000e+04 0.000000000000000000e+00 9.999999999999999704e-61
