1.000230285020825175e-04 2.154765433363464364e-03
1.018844271155323704e-04 2.181416222584422505e-03
1.037804657998743111e-04 2.208396636810080853e-03
1.057117891964563593e-04 2.235710752941983195e-03
1.076790539432090544e-04 2.263362698306022047e-03
1.096829288978980920e-04 2.291356651276101660e-03
1.117240953655322466e-04 2.319696841905519256e-03
1.138032473300022035e-04 2.348387552566143406e-03
1.159210916900312222e-04 2.377433118595513595e-03
1.180783484995161003e-04 2.406837928951929915e-03
1.202757512123410943e-04 2.436606426877655635e-03
1.225140469317476317e-04 2.466743110570313730e-03
1.247939966643448275e-04 2.497252533862594475e-03
1.271163755788469202e-04 2.528139306910363870e-03
1.294819732696257837e-04 2.559408096889287821e-03
1.318915940251681133e-04 2.591063628700067921e-03
1.343460571015288318e-04 2.623110685682408533e-03
1.368461970008724672e-04 2.655554110337798000e-03
1.393928637551989941e-04 2.688398805061246229e-03
1.419869232153494977e-04 2.721649732882064528e-03
1.446292573453899664e-04 2.755311918213809112e-03
1.473207645224735326e-04 2.789390447613497581e-03
1.500623598422832637e-04 2.823890470550222825e-03
1.528549754301588562e-04 2.858817200183263237e-03
1.556995607580133215e-04 2.894175914149823246e-03
1.585970829671482201e-04 2.929971955362523865e-03
1.615485271970746705e-04 2.966210732816734752e-03
1.645548969204553027e-04 3.002897722407916071e-03
1.676172142842785855e-04 3.040038467759055129e-03
1.707365204573823778e-04 3.077638581058340927e-03
1.739138759844449070e-04 3.115703743907201079e-03
1.771503611465633074e-04 3.154239708178823397e-03
1.804470763285425012e-04 3.193252296887299623e-03
1.838051423930189994e-04 3.232747405067515345e-03
1.872257010615479634e-04 3.272731000665933098e-03
1.907099153027802714e-04 3.313209125442371453e-03
1.942589697278654403e-04 3.354187895882961793e-03
1.978740709932116991e-04 3.395673504124379922e-03
2.015564482107419107e-04 3.437672218889518180e-03
2.053073533657836602e-04 3.480190386434724691e-03
2.091280617427368124e-04 3.523234431508763705e-03
2.130198723586619255e-04 3.566810858323628004e-03
2.169841084049382190e-04 3.610926251537369472e-03
2.210221176971403087e-04 3.655587277249078369e-03
2.251352731332868806e-04 3.700800684006166994e-03
2.293249731606183755e-04 3.746573303824126452e-03
2.335926422510589988e-04 3.792912053218870129e-03
2.379397313855292342e-04 3.839823934251870331e-03
2.423677185472700028e-04 3.887316035588208631e-03
2.468781092243479535e-04 3.935395533567717305e-03
2.514724369215117546e-04 3.984069693289362356e-03
2.561522636815744013e-04 4.033345869709049382e-03
2.609191806164980220e-04 4.083231508750998461e-03
2.657748084483615666e-04 4.133734148432863242e-03
2.707207980603975619e-04 4.184861420004784213e-03
2.757588310582803235e-04 4.236621049102497552e-03
2.808906203418626247e-04 4.289020856914738111e-03
2.861179106875506644e-04 4.342068761365064020e-03
2.914424793415170464e-04 4.395772778308298066e-03
2.968661366239536462e-04 4.450141022741778418e-03
3.023907265445691735e-04 4.505181710031580002e-03
3.080181274295407329e-04 4.560903157153900836e-03
3.137502525601329733e-04 4.617313783951811079e-03
3.195890508232030738e-04 4.674422114407550399e-03
3.255365073738081369e-04 4.732236777930532400e-03
3.315946443101467364e-04 4.790766510661315439e-03
3.377655213610595924e-04 4.850020156791680359e-03
3.440512365863244277e-04 4.910006669901039768e-03
3.504539270899833690e-04 4.970735114309382703e-03
3.569757697469448307e-04 5.032214666446940300e-03
3.636189819431074602e-04 5.094454616240802307e-03
3.703858223292572993e-04 5.157464368518679607e-03
3.772785915889967454e-04 5.221253444430040865e-03
3.842996332209586336e-04 5.285831482884785493e-03
3.914513343355863055e-04 5.351208242009779931e-03
3.987361264667322268e-04 5.417393600623336171e-03
4.061564863983662646e-04 5.484397559727977739e-03
4.137149370066663524e-04 5.552230244021644050e-03
4.214140481177808110e-04 5.620901903427594215e-03
4.292564373815531062e-04 5.690422914643232348e-03
4.372447711615062784e-04 5.760803782708085082e-03
4.453817654413917584e-04 5.832055142591192377e-03
4.536701867486025151e-04 5.904187760798075557e-03
4.621128530947809978e-04 5.977212536997670266e-03
4.707126349339208989e-04 6.051140505669294622e-03
4.794724561383056677e-04 6.125982837770040275e-03
4.883952949926065974e-04 6.201750842422765891e-03
4.974841852064811965e-04 6.278455968624979330e-03
5.067422169460149934e-04 6.356109806978839198e-03
5.161725378843588698e-04 6.434724091442568968e-03
5.257783542719209014e-04 6.514310701103547332e-03
5.355629320264653978e-04 6.594881661973258681e-03
5.455295978435122182e-04 6.676449148804557317e-03
5.556817403273865610e-04 6.759025486931299204e-03
5.660228111433263445e-04 6.842623154130792265e-03
5.765563261910258913e-04 6.927254782509260390e-03
5.872858668000205395e-04 7.012933160410633401e-03
5.982150809473155053e-04 7.099671234348932727e-03
6.093476844976763052e-04 7.187482110964576315e-03
6.206874624669990242e-04 7.276379059004866451e-03
6.322382703091917241e-04 7.366375511328971011e-03
6.440040352270071794e-04 7.457485066937727738e-03
6.559887575072638737e-04 7.549721493028510068e-03
6.681965118809208128e-04 7.643098727075544815e-03
6.806314489084602185e-04 7.737630878935948878e-03
6.932977963910521169e-04 7.833332232981809334e-03
7.061998608079805796e-04 7.930217250258640022e-03
7.193420287808198347e-04 8.028300570670528560e-03
7.327287685648581133e-04 8.127597015192314714e-03
7.463646315682759876e-04 8.228121588109123599e-03
7.602542538996009177e-04 8.329889479283631923e-03
7.744023579439463911e-04 8.432916066451278878e-03
7.888137539686043177e-04 8.537216917544018444e-03
8.034933417584976542e-04 8.642807793042663403e-03
8.184461122820807857e-04 8.749704648358414341e-03
8.336771493882364891e-04 8.857923636243813029e-03
8.491916315347532119e-04 8.967481109233522638e-03
8.649948335489683528e-04 9.078393622115288678e-03
8.810921284211759149e-04 9.190677934431458820e-03
8.974889891314142502e-04 9.304351013011490090e-03
9.141909905102351937e-04 9.419430034535655055e-03
9.312038111341245164e-04 9.535932388130646115e-03
9.485332352561723921e-04 9.653875677997088289e-03
9.661851547726883109e-04 9.773277726069685631e-03
9.841655712264079248e-04 9.894156574710207680e-03
1.002480597846980509e-03 1.001653048943379823e-02
1.021136461629428222e-03 1.014041796166900537e-02
1.040139505451285898e-03 1.026583771155194225e-02
1.059496190229144335e-03 1.039280869075504161e-02
1.079213097115309591e-03 1.052135008535069229e-02
1.099296929735370980e-03 1.065148131871047031e-02
1.119754516467374224e-03 1.078322205444002223e-02
1.140592812763443521e-03 1.091659219935045208e-02
1.161818903514580219e-03 1.105161190646627989e-02
1.183440005459487259e-03 1.118830157807072616e-02
1.205463469638214102e-03 1.132668186878860866e-02
1.227896783891463048e-03 1.146677368870736673e-02
1.250747575406415410e-03 1.160859820653674553e-02
1.274023613309913268e-03 1.175217685280742670e-02
1.297732811309933957e-03 1.189753132310943096e-02
1.321883230386179577e-03 1.204468358137031174e-02
1.346483081530780923e-03 1.219365586317417045e-02
1.371540728539968239e-03 1.234447067912148970e-02
1.397064690857717333e-03 1.249715081823065885e-02
1.423063646472305177e-03 1.265171935138153028e-02
1.449546434866771190e-03 1.280819963480154568e-02
1.476522060024293339e-03 1.296661531359505869e-02
1.503999693489470497e-03 1.312699032531614192e-02
1.531988677486612353e-03 1.328934890358583754e-02
1.560498528096013974e-03 1.345371558175385319e-02
1.589538938489386396e-03 1.362011519660583612e-02
1.619119782225457395e-03 1.378857289211625134e-02
1.649251116606928773e-03 1.395911412324784585e-02
1.679943186099894107e-03 1.413176465979802329e-02
1.711206425816893520e-03 1.430655059029282451e-02
1.743051465064787480e-03 1.448349832592904680e-02
1.775489130958653097e-03 1.466263460456513658e-02
1.808530452102944308e-03 1.484398649476148351e-02
1.842186662341129422e-03 1.502758139987053071e-02
1.876469204575152792e-03 1.521344706217771930e-02
1.911389734655931458e-03 1.540161156709342338e-02
1.946960125346278679e-03 1.559210334739684345e-02
1.983192470357570542e-03 1.578495118753238738e-02
2.020099088461529361e-03 1.598018422795914953e-02
2.057692527678532234e-03 1.617783196955422179e-02
2.095985569543856383e-03 1.637792427807044024e-02
2.134991233453331031e-03 1.658049138864932381e-02
2.174722781089829995e-03 1.678556391038967324e-02
2.215193720932192266e-03 1.699317283097295100e-02
2.256417812847984379e-03 1.720334952134551856e-02
2.298409072771806332e-03 1.741612574045916378e-02
2.341181777470593885e-03 1.763153364006991852e-02
2.384750469397644602e-03 1.784960576959645356e-02
2.429129961636956620e-03 1.807037508103847070e-02
2.474335342939584532e-03 1.829387493395594200e-02
2.520381982853732352e-03 1.852013910050999065e-02
2.567285536950277090e-03 1.874920177056593404e-02
2.615061952145602935e-03 1.898109755685977243e-02
2.663727472123411395e-03 1.921586150022815478e-02
2.713298642857514455e-03 1.945352907490347297e-02
2.763792318237331611e-03 1.969413619387407749e-02
2.815225665798120388e-03 1.993771921431101643e-02
2.867616172557830787e-03 2.018431494306179713e-02
2.920981650962577256e-03 2.043396064221210742e-02
2.975340244942775627e-03 2.068669403471642618e-02
3.030710436081932978e-03 2.094255331009800200e-02
3.087111049900317407e-03 2.120157713021976822e-02
3.144561262255467487e-03 2.146380463512611442e-02
3.203080605861910631e-03 2.172927544895742261e-02
3.262688976932132112e-03 2.199802968593734392e-02
3.323406641941176968e-03 2.227010795643436653e-02
3.385254244517122996e-03 2.254555137309827151e-02
3.448252812459786255e-03 2.282440155707250729e-02
3.512423764890041690e-03 2.310670064428338444e-02
3.577788919532186220e-03 2.339249129180704170e-02
3.644370500131849638e-03 2.368181668431528983e-02
3.712191144011887153e-03 2.397472054060086760e-02
3.781273909768981430e-03 2.427124712018385866e-02
3.851642285113380561e-03 2.457144122999938354e-02
3.923320194854591769e-03 2.487534823116827401e-02
3.996332009035663720e-03 2.518301404585139569e-02
4.070702551218850773e-03 2.549448516418876057e-02
4.146457106925467706e-03 2.580980865132446317e-02
4.223621432232806290e-03 2.612903215451848477e-02
4.302221762531063635e-03 2.645220391034657989e-02
4.382284821443161067e-03 2.677937275198888703e-02
4.463837829910678387e-03 2.711058811660921677e-02
4.546908515448731987e-03 2.744590005282499315e-02
4.631525121573224629e-03 2.778535922827016919e-02
4.717716417403415054e-03 2.812901693725121388e-02
4.805511707443262982e-03 2.847692510849807873e-02
4.894940841544773505e-03 2.882913631301092794e-02
4.986034225056753914e-03 2.918570377200389171e-02
5.078822829162471519e-03 2.954668136494722347e-02
5.173338201409604688e-03 2.991212363770859306e-02
5.269612476436290500e-03 3.028208581079557329e-02
5.367678386896617901e-03 3.065662378769948640e-02
5.467569274589606509e-03 3.103579416334305285e-02
5.569319101795150960e-03 3.141965423263198831e-02
5.672962462821010826e-03 3.180826199911272051e-02
5.778534595764658194e-03 3.220167618373704493e-02
5.886071394494000499e-03 3.259995623373519030e-02
5.995609420851105535e-03 3.300316233159875795e-02
6.107185917082932382e-03 3.341135540417441985e-02
6.220838818503554232e-03 3.382459713187064426e-02
6.336606766391832644e-03 3.424294995797763641e-02
6.454529121129303285e-03 3.466647709810322109e-02
6.574645975582392270e-03 3.509524254972483381e-02
6.696998168733770893e-03 3.552931110186006297e-02
6.821627299567353808e-03 3.596874834485661726e-02
6.948575741211682547e-03 3.641362068030340460e-02
7.077886655346561987e-03 3.686399533106431148e-02
7.209604006877687321e-03 3.731994035143572364e-02
7.343772578884542011e-03 3.778152463743032069e-02
7.480437987846253085e-03 3.824881793718722806e-02
7.619646699151017347e-03 3.872189086151180820e-02
7.761446042893965259e-03 3.920081489454507739e-02
7.905884229969132454e-03 3.968566240456548183e-02
8.053010368460861851e-03 4.017650665492420586e-02
8.202874480340240429e-03 4.067342181511565680e-02
8.355527518472259663e-03 4.117648297198494428e-02
8.511021383939467583e-03 4.168576614107390166e-02
8.669408943688051289e-03 4.220134827810764766e-02
8.830744048502175980e-03 4.272330729062272930e-02
8.995081551313052759e-03 4.325172204973985746e-02
9.162477325848444182e-03 4.378667240208133915e-02
9.332988285629518696e-03 4.432823918183679407e-02
9.506672403321004064e-03 4.487650422297738417e-02
9.683588730441566525e-03 4.543155037162157489e-02
9.863797417440953869e-03 4.599346149855360055e-02
1.004735973415077539e-02 4.656232251189687532e-02
1.023433809061586458e-02 4.713821936994412598e-02
1.042479605831329002e-02 4.772123909414614090e-02
1.061879839176630737e-02 4.831146978226136951e-02
1.081641105056043578e-02 4.890900062166785717e-02
1.101770122176933507e-02 4.951392190284004818e-02
1.122273734279799658e-02 5.012632503299226799e-02
1.143158912465102282e-02 5.074630254989081352e-02
1.164432757563394621e-02 5.137394813583705949e-02
1.186102502549560116e-02 5.200935663182330165e-02
1.208175515001979304e-02 5.265262405186389716e-02
1.230659299607459421e-02 5.330384759750345092e-02
1.253561500712785902e-02 5.396312567250471925e-02
1.276889904923745288e-02 5.463055789771779913e-02
1.300652443752527837e-02 5.530624512613355193e-02
1.324857196314391250e-02 5.599028945812307978e-02
1.349512392074508904e-02 5.668279425686568312e-02
1.374626413645937094e-02 5.738386416396765166e-02
1.400207799639651730e-02 5.809360511527426885e-02
1.426265247567622130e-02 5.881212435687730583e-02
1.452807616799911550e-02 5.953953046132057225e-02
1.479843931576805931e-02 6.027593334400582065e-02
1.507383384077005777e-02 6.102144427980179392e-02
1.535435337542900673e-02 6.177617591985828938e-02
1.564009329464018452e-02 6.254024230862853528e-02
1.593115074819712734e-02 6.331375890110199633e-02
1.622762469382193345e-02 6.409684258025029335e-02
1.652961593081028052e-02 6.488961167468891567e-02
1.683722713430256535e-02 6.569218597655736291e-02
1.715056289019280603e-02 6.650468675962051268e-02
1.746972973068717030e-02 6.732723679759368418e-02
1.779483617052434949e-02 6.815996038269472868e-02
1.812599274386977530e-02 6.900298334442499237e-02
1.846331204189661720e-02 6.985643306858313473e-02
1.880690875106607457e-02 7.072043851651384216e-02
1.915689969212004684e-02 7.159513024459458752e-02
1.951340385979946981e-02 7.248064042396355766e-02
1.987654246330177593e-02 7.337710286049145547e-02
2.024643896749127661e-02 7.428465301500039586e-02
2.062321913487643460e-02 7.520342802373278235e-02
2.100701106836833087e-02 7.613356671907346718e-02
2.139794525483492554e-02 7.707520965052824802e-02
2.179615460946565664e-02 7.802849910596146299e-02
2.220177452096187137e-02 7.899357913309681956e-02
2.261494289756810563e-02 7.997059556128364999e-02
2.303580021396004623e-02 8.095969602353279837e-02
2.346448955900502439e-02 8.196102997882465102e-02
2.390115668441136071e-02 8.297474873469344592e-02
2.434595005428302761e-02 8.400100547009063667e-02
2.479902089559649081e-02 8.503995525853109971e-02
2.526052324961705620e-02 8.609175509152598715e-02
2.573061402427177444e-02 8.715656390230459849e-02
2.620945304749726715e-02 8.823454258983048915e-02
2.669720312158020345e-02 8.932585404311411958e-02
2.719403007850906481e-02 9.043066316582643038e-02
2.770010283635598869e-02 9.154913690121672942e-02
2.821559345670785965e-02 9.268144425733877700e-02
2.874067720316617752e-02 9.382775633258901016e-02
2.927553260093559637e-02 9.498824634156041724e-02
2.982034149752134378e-02 9.616308964121633718e-02
3.037528912455636845e-02 9.735246375738811075e-02
3.094056416077875515e-02 9.855654841159997015e-02
3.151635879618144842e-02 9.977552554822627373e-02
3.210286879735561177e-02 1.010095793619842641e-01
3.270029357405007664e-02 1.022588963257671374e-01
3.330883624696936995e-02 1.035236652188210038e-01
3.392870371683352759e-02 1.048040771552707084e-01
3.456010673472305339e-02 1.061003256129983280e-01
3.520325997373290050e-02 1.074126064628786181e-01
3.585838210196017062e-02 1.087411179983767268e-01
3.652569585684966452e-02 1.100860609655109207e-01
3.720542812092338808e-02 1.114476385931869873e-01
3.789780999891914637e-02 1.128260566239070589e-01
3.860307689636471862e-02 1.142215233448586886e-01
3.932146859961428709e-02 1.156342496193882297e-01
4.005322935737428564e-02 1.170644489188635146e-01
4.079860796374645132e-02 1.185123373549307052e-01
4.155785784281625095e-02 1.199781337121700042e-01
4.233123713481548589e-02 1.214620594811552934e-01
4.311900878388849612e-02 1.229643388919229446e-01
4.392144062749130107e-02 1.244851989478538284e-01
4.473880548745482605e-02 1.260248694599752639e-01
4.557138126274258572e-02 1.275835830816867134e-01
4.641945102393460476e-02 1.291615753439150360e-01
4.728330310946964737e-02 1.307590846907047966e-01
4.816323122367850013e-02 1.323763525152483467e-01
4.905953453664160802e-02 1.340136231963620084e-01
4.997251778590498794e-02 1.356711441354128689e-01
5.090249138008930141e-02 1.373491657937031540e-01
5.184977150442655197e-02 1.390479417303157328e-01
5.281468022826130149e-02 1.407677286404288575e-01
5.379754561455217521e-02 1.425087863941042199e-01
5.479870183141125756e-02 1.442713780755548736e-01
5.581848926571911229e-02 1.460557700228987676e-01
5.685725463885427794e-02 1.478622318684041925e-01
5.791535112457631834e-02 1.496910365792325781e-01
5.899313846910270859e-02 1.515424604986856938e-01
6.009098311342030152e-02 1.534167833879625242e-01
6.120925831787314697e-02 1.553142884684332869e-01
6.234834428906837339e-02 1.572352624644353380e-01
6.350862830914430490e-02 1.591799956465992372e-01
6.469050486744389039e-02 1.611487818757103285e-01
6.589437579463866546e-02 1.631419186471128047e-01
6.712065039934862754e-02 1.651597071356631363e-01
6.836974560730464667e-02 1.672024522412392245e-01
6.964208610310063108e-02 1.692704626348127406e-01
7.093810447458355484e-02 1.713640508050909561e-01
7.225824135993093311e-02 1.734835331057362207e-01
7.360294559746458076e-02 1.756292298031679744e-01
7.497267437825322345e-02 1.778014651249575917e-01
7.636789340155447636e-02 1.800005673088209412e-01
7.778907703314966171e-02 1.822268686522169057e-01
7.923670846662535239e-02 1.844807055625597714e-01
8.071127988765601502e-02 1.867624186080521220e-01
8.221329264134420722e-02 1.890723525691469786e-01
8.374325740267472840e-02 1.914108564906460141e-01
8.530169435014087198e-02 1.937782837344422249e-01
8.688913334260219001e-02 1.961749920329155517e-01
8.850611409943270891e-02 1.986013435429875296e-01
9.015318638402253226e-02 2.010577049008460404e-01
9.183091019069383742e-02 2.035444472773459412e-01
9.353985593509545060e-02 2.060619464340952001e-01
9.528060464814067099e-02 2.086105827802348378e-01
9.705374817355412465e-02 2.111907414299209196e-01
9.885988936909494151e-02 2.138028122605175885e-01
1.006996423115245620e-01 2.164471899715098013e-01
1.025736325053894227e-01 2.191242741441453146e-01
1.044824970956879512e-01 2.218344693018128588e-01
1.064268850844963810e-01 2.245781849711687428e-01
1.084074575516252165e-01 2.273558357440184918e-01
1.104248878793823718e-01 2.301678413399642908e-01
1.124798619815188389e-01 2.330146266698269741e-01
1.145730785364351967e-01 2.358966218998527209e-01
1.167052492247278583e-01 2.388142625167135880e-01
1.188770989711560450e-01 2.417679893933122881e-01
1.210893661911116165e-01 2.447582488554004843e-01
1.233428030416761079e-01 2.477854927490219239e-01
1.256381756773488345e-01 2.508501785087881020e-01
1.279762645105350649e-01 2.539527692270000525e-01
1.303578644768812189e-01 2.570937337236241516e-01
1.327837853055481854e-01 2.602735466171335332e-01
1.352548517945140194e-01 2.634926883962259159e-01
1.377719040910002357e-01 2.667516454924283020e-01
1.403357979771166220e-01 2.700509103535995159e-01
1.429474051608216056e-01 2.733909815183420688e-01
1.456076135722982612e-01 2.767723636913348439e-01
1.483173276658439621e-01 2.801955678195959254e-01
1.510774687273800099e-01 2.836611111696906162e-01
1.538889751876828527e-01 2.871695174058933042e-01
1.567528029414446411e-01 2.907213166693158324e-01
1.596699256722716453e-01 2.943170456580156413e-01
1.626413351837305010e-01 2.979572477080936754e-01
1.656680417365552493e-01 3.016424728757956530e-01
1.687510743921295242e-01 3.053732780206287467e-01
1.718914813623618199e-01 3.091502268895073291e-01
1.750903303660698018e-01 3.129738902019371105e-01
1.783487089919988389e-01 3.168448457362549320e-01
1.816677250685952982e-01 3.207636784169347610e-01
1.850485070406611976e-01 3.247309804029728242e-01
1.884922043530184166e-01 3.287473511773664758e-01
1.919999878413129191e-01 3.328133976376999037e-01
1.955730501300914081e-01 3.369297341878496610e-01
1.992126060382863884e-01 3.410969828308249019e-01
2.029198929922467753e-01 3.453157732627555321e-01
2.066961714464559119e-01 3.495867429680438732e-01
2.105427253120771003e-01 3.539105373156911094e-01
2.144608623934762537e-01 3.582878096568172244e-01
2.184519148328669114e-01 3.627192214233860845e-01
2.225172395632303290e-01 3.672054422281515462e-01
2.266582187696644102e-01 3.717471499658404066e-01
2.308762603593177420e-01 3.763450309155856877e-01
2.351727984400695526e-01 3.809997798446281281e-01
2.395492938081170142e-01 3.857121001132990390e-01
2.440072344446378994e-01 3.904827037813033419e-01
2.485481360216934832e-01 3.953123117153146127e-01
2.531735424175485250e-01 4.002016536979031702e-01
2.578850262415801065e-01 4.051514685378104219e-01
2.626841893689549345e-01 4.101625041815873951e-01
2.675726634852569896e-01 4.152355178266137203e-01
2.725521106412503447e-01 4.203712760355146627e-01
2.776242238179663646e-01 4.255705548519936321e-01
2.827907275023063827e-01 4.308341399180966036e-01
2.880533782733563641e-01 4.361628265929271553e-01
2.934139653996140629e-01 4.415574200728313303e-01
2.988743114473274010e-01 4.470187355130656459e-01
3.044362729001567347e-01 4.525475981509732293e-01
3.101017407903675638e-01 4.581448434306816253e-01
3.158726413417696777e-01 4.638113171293435921e-01
3.217509366246211755e-01 4.695478754849389258e-01
3.277386252227202368e-01 4.753553853256571315e-01
3.338377429129112950e-01 4.812347242008805925e-01
3.400503633572357631e-01 4.871867805137867213e-01
3.463785988079659539e-01 4.932124536555926864e-01
3.528246008257555633e-01 4.993126541414567021e-01
3.593905610111580717e-01 5.054883037480635277e-01
3.660787117497573129e-01 5.117403356529103275e-01
3.728913269711642275e-01 5.180696945753149318e-01
3.798307229221391523e-01 5.244773369191690904e-01
3.868992589541010996e-01 5.309642309174563701e-01
3.940993383252925364e-01 5.375313567785581226e-01
4.014334090178723891e-01 5.441797068343687815e-01
4.089039645702141623e-01 5.509102856902430290e-01
4.165135449246952226e-01 5.577241103767985875e-01
4.242647372912587422e-01 5.646222105035938466e-01
4.321601770270508958e-01 5.716056284147091882e-01
4.402025485324252418e-01 5.786754193462514406e-01
4.483945861636222108e-01 5.858326515858058858e-01
4.567390751624332279e-01 5.930784066338612437e-01
4.652388526031654981e-01 6.004137793672303935e-01
4.738968083572296930e-01 6.078398782044934778e-01
4.827158860756776693e-01 6.153578252734853704e-01
4.916990841900276688e-01 6.229687565808582628e-01
5.008494569317091250e-01 6.306738221837360214e-01
5.101701153704844005e-01 6.384741863634967318e-01
5.196642284721927352e-01 6.463710278017016364e-01
5.293350241761789476e-01 6.543655397582017752e-01
5.391857904927723766e-01 6.624589302514456435e-01
5.492198766211904282e-01 6.706524222410188418e-01
5.594406940882449275e-01 6.789472538124400325e-01
5.698517179082406292e-01 6.873446783642435109e-01
5.804564877644569076e-01 6.958459647973741502e-01
5.912586092126216331e-01 7.044523977069283571e-01
6.022617549067729170e-01 7.131652775762608032e-01
6.134696658479418252e-01 7.219859209734974526e-01
6.248861526560685054e-01 7.309156607504759817e-01
6.365150968655891583e-01 7.399558462441478968e-01
6.483604522451340557e-01 7.491078434804718800e-01
6.604262461417833574e-01 7.583730353808270097e-01
6.727165808503411393e-01 7.677528219709823798e-01
6.852356350080884839e-01 7.772486205926468772e-01
6.979876650154974715e-01 7.868618661176418616e-01
7.109770064833764724e-01 7.965940111647142885e-01
7.242080757069536689e-01 8.064465263190389033e-01
7.376853711673889702e-01 8.164209003544318222e-01
7.514134750612300184e-01 8.265186404583129143e-01
7.653970548583303168e-01 8.367412724594509577e-01
7.796408648887598325e-01 8.470903410585255422e-01
7.941497479592475317e-01 8.575674100615403583e-01
8.089286369997060744e-01 8.681740626161241758e-01
8.239825567403955553e-01 8.789119014507520422e-01
8.393166254203046073e-01 8.897825491169308876e-01
8.549360565273144141e-01 9.007876482343726288e-01
8.708461605707557007e-01 9.119288617392058427e-01
8.870523468869477846e-01 9.232078731352554302e-01
9.035601254783390823e-01 9.346263867484290166e-01
9.203751088868742380e-01 9.461861279842522787e-01
9.375030141022228092e-01 9.578888435885866137e-01
9.549496645055206567e-01 9.697363019115736726e-01
9.727209918492820684e-01 9.817302931748427275e-01
9.908230382741622932e-01 9.938726297420261702e-01
1.009261958363243616e+00 1.006165146392616005e+00
1.028044021234553185e+00 1.018609700599208079e+00
1.047175612672535561e+00 1.031208172808185219e+00
1.066663237299163125e+00 1.043962466723853177e+00
1.086513520785481912e+00 1.056874509596110512e+00
1.106733212104292763e+00 1.069946252511665197e+00
1.127329185824752722e+00 1.083179670688849683e+00
1.148308444449702037e+00 1.096576763776099028e+00
1.169678120796452614e+00 1.110139556154096985e+00
1.191445480421920555e+00 1.123870097241685517e+00
1.213617924092851519e+00 1.137770461805530875e+00
1.236202990302053495e+00 1.151842750273645688e+00
1.259208357831419711e+00 1.166089089052764205e+00
1.282641848362682024e+00 1.180511630849665483e+00
1.306511429136728353e+00 1.195112554996455856e+00
1.330825215662405414e+00 1.209894067779873961e+00
1.355591474475761338e+00 1.224858402774685606e+00
1.380818625950593237e+00 1.240007821181175807e+00
1.406515247161345794e+00 1.255344612166845453e+00
1.432690074799238600e+00 1.270871093212301739e+00
1.459352008142711599e+00 1.286589610461459143e+00
1.486510112083099466e+00 1.302502539076040744e+00
1.514173620206660242e+00 1.318612283594492673e+00
1.542351937933927442e+00 1.334921278295317482e+00
1.571054645717485210e+00 1.351431987564903903e+00
1.600291502299284740e+00 1.368146906269922747e+00
1.630072448028530241e+00 1.385068560134300908e+00
1.660407608241361688e+00 1.402199506120889394e+00
1.691307296703379537e+00 1.419542332817819386e+00
1.722782019116287922e+00 1.437099660829668668e+00
1.754842476689740138e+00 1.454874143173436440e+00
1.787499569779707809e+00 1.472868465679442185e+00
1.820764401594523907e+00 1.491085347397165473e+00
1.854648281969893064e+00 1.509527541006104645e+00
1.889162731214191204e+00 1.528197833231737190e+00
1.924319484025268201e+00 1.547099045266593365e+00
1.960130493480203739e+00 1.566234033196573394e+00
1.996607935099247166e+00 1.585605688432500715e+00
2.033764210985450127e+00 1.605216938147049799e+00
2.071611954041272519e+00 1.625070745717040799e+00
2.110164032263723843e+00 1.645170111171242011e+00
2.149433553119368234e+00 1.665518071643674158e+00
2.189433868000810079e+00 1.686117701832554383e+00
2.230178576766074450e+00 1.706972114464896162e+00
2.271681532362457734e+00 1.728084460766852626e+00
2.313956845536476514e+00 1.749457930939902539e+00
2.357018889631397052e+00 1.771095754642890485e+00
2.400882305474118628e+00 1.793001201480064699e+00
2.445562006352926421e+00 1.815177581495116987e+00
2.491073183087956888e+00 1.837628245671368399e+00
2.537431309195938400e+00 1.860356586438102422e+00
2.584652146151129593e+00 1.883366038183199809e+00
2.632751748744106557e+00 1.906660077772087014e+00
2.681746470540273819e+00 1.930242225073103945e+00
2.731652969440015344e+00 1.954116043489394716e+00
2.782488213342229955e+00 1.978285140497338723e+00
2.834269485913358366e+00 2.002753168191682143e+00
2.887014392463675527e+00 2.027523823837370731e+00
2.940740865933033188e+00 2.052600850428250467e+00
2.995467172987900994e+00 2.077988037252632925e+00
3.051211920231959862e+00 2.103689220465900345e+00
3.107994060532215830e+00 2.129708283670161517e+00
3.165832899462835304e+00 2.156049158501081031e+00
3.224748101868966099e+00 2.182715825221990702e+00
3.284759698552610185e+00 2.209712313325308930e+00
3.345888093083023929e+00 2.237042702141444295e+00
3.408154068733752151e+00 2.264711121455183385e+00
3.471578795548865060e+00 2.292721752129749824e+00
3.536183837540586516e+00 2.321078826738531831e+00
3.601991160020973304e+00 2.349786630204673710e+00
3.669023137069962637e+00 2.378849500448541043e+00
3.737302559142399616e+00 2.408271829043199919e+00
3.806852640816699385e+00 2.438058061878029203e+00
3.877697028687600245e+00 2.468212699830496071e+00
3.949859809405920519e+00 2.498740299446292390e+00
4.023365517867807384e+00 2.529645473627829766e+00
4.098239145556510366e+00 2.560932892331301058e+00
4.174506149039268976e+00 2.592607283272314600e+00
4.252192458622449323e+00 2.624673432640305393e+00
4.331324487167620418e+00 2.657136185821729057e+00
4.411929139071825823e+00 2.690000448132255251e+00
4.494033819414880782e+00 2.723271185557978313e+00
4.577666443276903863e+00 2.756953425505795252e+00
4.662855445229335594e+00 2.791052257563105599e+00
4.749629789002437263e+00 2.825572834266844691e+00
4.838018977332859905e+00 2.860520371882097290e+00
4.928053061994307704e+00 2.895900151190271998e+00
5.019762654015039516e+00 2.931717518287091817e+00
5.113178934085341965e+00 2.967977885390389314e+00
5.208333663158844828e+00 3.004686731657953302e+00
5.305259193251015581e+00 3.041849604015449238e+00
5.403988478438609633e+00 3.079472117994580760e+00
5.504555086063930069e+00 3.117559958581659796e+00
5.606993208147423857e+00 3.156118881076607430e+00
5.711337673012848448e+00 3.195154711962648442e+00
5.817623957128591705e+00 3.234673349786694185e+00
5.925888197169543403e+00 3.274680766050680258e+00
6.036167202303245993e+00 3.315183006113864739e+00
6.148498466704864995e+00 3.356186190106344558e+00
6.262920182304941186e+00 3.397696513853835754e+00
6.379471251774369911e+00 3.439720249813880582e+00
6.498191301751155002e+00 3.482263748023689320e+00
6.619120696313117946e+00 3.525333437059630093e+00
6.742300550701536110e+00 3.568935825008661578e+00
6.867772745299963510e+00 3.613077500451709057e+00
6.995579939873406872e+00 3.657765133459272899e+00
7.125765588072272116e+00 3.703005476599278811e+00
7.258373952206432556e+00 3.748805365957467384e+00
7.393450118294095930e+00 3.795171722170349593e+00
7.531040011390722988e+00 3.842111551470941411e+00
7.671190411203371973e+00 3.889631946747485802e+00
7.813948967995377970e+00 3.937740088615186540e+00
7.959364218787274403e+00 3.986443246501284232e+00
8.107485603858949119e+00 4.035748779743468795e+00
8.258363483559167051e+00 4.085664138701961434e+00
8.412049155427629543e+00 4.136196865885263918e+00
8.568594871635971444e+00 4.187354597089925079e+00
8.728053856753021478e+00 4.239145062554303678e+00
8.890480325840952602e+00 4.291576088126698885e+00
9.055929502888014682e+00 4.344655596447863921e+00
9.224457639584290547e+00 4.398391608148146226e+00
9.396122034447044413e+00 4.452792243059492172e+00
9.570981052301720027e+00 4.507865721442358087e+00
9.749094144125763250e+00 4.563620365227887277e+00
9.930521867261429492e+00 4.620064599275351291e+00
1.011532590600506865e+01 4.677206952645253324e+00
1.030356909257922915e+01 4.735056059888062663e+00
1.049531542849537580e+01 4.793620662348995864e+00
1.069063010631393951e+01 4.852909609488863296e+00
1.088957953180931426e+01 4.912931860221259939e+00
1.109223134654756571e+01 4.973696484266353579e+00
1.129865445088395859e+01 5.035212663521321019e+00
1.150891902738883665e+01 5.097489693447844417e+00
1.172309656470906347e+01 5.160536984476650879e+00
1.194125988187392018e+01 5.224364063429542959e+00
1.216348315305292260e+01 5.288980574958905834e+00
1.238984193277473977e+01 5.354396283005113055e+00
1.262041318161520920e+01 5.420621072271903707e+00
1.285527529236335909e+01 5.487664949719991192e+00
1.309450811667465686e+01 5.555538046079229630e+00
1.333819299221986476e+01 5.624250617379369821e+00
1.358641277033954964e+01 5.693813046499860420e+00
1.383925184421281784e+01 5.764235844738709424e+00
1.409679617755067582e+01 5.835529653400860717e+00
1.435913333382294610e+01 5.907705245406098093e+00
1.462635250602949100e+01 5.980773526916951965e+00
1.489854454702519604e+01 6.054745538986662901e+00
1.517580200040928951e+01 6.129632459227527086e+00
1.545821913198979125e+01 6.205445603499954998e+00
1.574589196183306150e+01 6.282196427622301016e+00
1.603891829691027482e+01 6.359896529101972007e+00
1.633739776435092494e+01 6.438557648887812235e+00
1.664143184531569020e+01 6.518191673144299259e+00
1.695112390949913106e+01 6.598810635047547279e+00
1.726657925027501150e+01 6.680426716603657056e+00
1.758790512049511889e+01 6.763052250489424821e+00
1.791521076895480036e+01 6.846699721915938674e+00
1.824860747753678325e+01 6.931381770515149476e+00
1.858820859904620093e+01 7.017111192249761764e+00
1.893412959575010035e+01 7.103900941346846132e+00
1.928648807863360304e+01 7.191764132255225483e+00
1.964540384738719681e+01 7.280714041627222244e+00
2.001099893113759265e+01 7.370764110324763863e+00
2.038339762993716420e+01 7.461927945450452349e+00
2.076272655702488734e+01 7.554219322403603165e+00
2.114911468187433385e+01 7.647652186961857446e+00
2.154269337404236140e+01 7.742240657388444802e+00
2.194359644783381924e+01 7.837999026565501737e+00
2.235196020779788384e+01 7.934941764153890631e+00
2.276792349507040214e+01 8.033083518779561061e+00
2.319162773457937021e+01 8.132439120247131115e+00
2.362321698312816665e+01 8.233023581780681610e+00
2.406283797837434335e+01 8.334852102292414244e+00
2.451064018871912964e+01 8.437940068679230521e+00
2.496677586412609173e+01 8.542303058147838968e+00
2.543140008788504858e+01 8.647956840568552295e+00
2.590467082933924914e+01 8.754917380858159959e+00
2.638674899759432790e+01 8.863200841392403717e+00
2.687779849622599571e+01 8.972823584448125445e+00
2.737798627900664528e+01 9.083802174675792429e+00
2.788748240666816613e+01 9.196153381602414356e+00
2.840646010472198313e+01 9.309894182165628251e+00
2.893509582235419231e+01 9.425041763278906970e+00
2.947356929241757939e+01 9.541613524428692372e+00
3.002206359253952783e+01 9.659627080303531343e+00
3.058076520736705461e+01 9.779100263455708486e+00
3.114986409197087625e+01 9.900051126995956352e+00
3.172955373642845700e+01 1.002249794732127519e+01
3.232003123160992430e+01 1.014645922687671309e+01
3.292149733618721541e+01 1.027195369695108518e+01
3.353415654489133146e+01 1.039900032050749878e+01
3.415821715803871683e+01 1.052761829504865609e+01
3.479389135235259545e+01 1.065782705551782072e+01
3.544139525310122707e+01 1.078964627723544645e+01
3.610094900757961511e+01 1.092309587887233135e+01
3.677277685995800027e+01 1.105819602545940405e+01
3.745710722752328081e+01 1.119496713143473698e+01
3.815417277833997645e+01 1.133342986372839789e+01
3.886421051035531349e+01 1.147360514488521765e+01
3.958746183197767721e+01 1.161551415622644257e+01
4.032417264415333591e+01 1.175917834105022663e+01
4.107459342397186219e+01 1.190461940787197292e+01
4.183897930982615776e+01 1.205185933370449014e+01
4.261759018815845224e+01 1.220092036737896102e+01
4.341069078181989482e+01 1.235182503290683265e+01
4.421855074007433473e+01 1.250459613288326643e+01
4.504144473027807294e+01 1.265925675193287958e+01
4.587965253126429843e+01 1.281583026019781713e+01
4.673345912846689032e+01 1.297434031686927014e+01
4.760315481081295275e+01 1.313481087376237255e+01
4.848903526942000752e+01 1.329726617893561347e+01
4.939140169812831971e+01 1.346173078035470816e+01
5.031056089590567382e+01 1.362822952960208589e+01
5.124682537115677405e+01 1.379678758563203722e+01
5.220051344797386861e+01 1.396743041857234680e+01
5.317194937436567415e+01 1.414018381357309195e+01
5.416146343249883444e+01 1.431507387470280079e+01
5.516939205099266985e+01 1.449212702889307458e+01
5.619607791930194196e+01 1.467137002993169936e+01
5.724187010422999577e+01 1.485282996250546361e+01
5.830712416860843916e+01 1.503653424629266055e+01
5.939220229218705782e+01 1.522251064010649557e+01
6.049747339477234220e+01 1.541078724608955852e+01
6.162331326165757162e+01 1.560139251396015148e+01
6.277010467138831729e+01 1.579435524531137247e+01
6.393823752590376586e+01 1.598970459796302279e+01
6.512810898310198127e+01 1.618747009036771090e+01
6.634012359187005359e+01 1.638768160607108015e+01
6.757469342962932046e+01 1.659036939822758683e+01
6.883223824243793842e+01 1.679556409417173413e+01
7.011318558770317111e+01 1.700329670004623495e+01
7.141797097954699325e+01 1.721359860548703935e+01
7.274703803687924619e+01 1.742650158836666563e+01
7.410083863422488548e+01 1.764203781959594508e+01
7.547983305535798593e+01 1.786023986798516461e+01
7.688449014979651963e+01 1.808114070516560190e+01
7.831528749220694863e+01 1.830477371057150648e+01
7.977271154477793402e+01 1.853117267648415378e+01
8.125725782261318386e+01 1.876037181313784785e+01
8.276943106220478796e+01 1.899240575388949992e+01
8.430974539303916515e+01 1.922730956045173301e+01
8.587872451239903171e+01 1.946511872819108291e+01
8.747690186341677077e+01 1.970586919149149807e+01
8.910482081644120456e+01 1.994959732918415440e+01
9.076303485378139158e+01 2.019633997004469705e+01
9.245210775788568469e+01 2.044613439835806901e+01
9.417261380302579710e+01 2.069901835955262470e+01
9.592513795054489378e+01 2.095503006590344697e+01
9.771027604774241127e+01 2.121420820230668980e+01
9.952863503045681171e+01 2.147659193212485818e+01
1.013808331294213900e+02 2.174222090310482969e+01
1.032675000804583476e+02 2.201113525336879917e+01
1.051892773385843043e+02 2.228337561747925832e+01
1.071468182961025803e+02 2.255898313257936749e+01
1.091407885047507307e+02 2.283799944460875864e+01
1.111718659019857824e+02 2.312046671459674840e+01
1.132407410414769799e+02 2.340642762503285113e+01
1.153481173278914866e+02 2.369592538631663459e+01
1.174947112560457896e+02 2.398900374328678353e+01
1.196812526545111268e+02 2.428570698183146703e+01
1.219084849337499321e+02 2.458607993558007365e+01
1.241771653388700116e+02 2.489016799267775681e+01
1.264880652070849152e+02 2.519801710264407646e+01
1.288419702299617882e+02 2.550967378331598567e+01
1.312396807205536504e+02 2.582518512787722997e+01
1.336820118854987243e+02 2.614459881197411306e+01
1.361697941021878364e+02 2.646796310091987081e+01
1.387038732010852584e+02 2.679532685698755401e+01
1.412851107533081745e+02 2.712673954679370425e+01
1.439143843635530970e+02 2.746225124877274837e+01
1.465925879684780853e+02 2.780191266074442424e+01
1.493206321406347570e+02 2.814577510757441203e+01
1.520994443980563631e+02 2.849389054892968787e+01
1.549299695196102959e+02 2.884631158713024135e+01
1.578131698662145652e+02 2.920309147509727055e+01
1.607500257080370147e+02 2.956428412440033782e+01
1.637415355577784908e+02 2.992994411340340477e+01
1.667887165101635674e+02 3.030012669551227233e+01
1.698926045877437900e+02 3.067488780752337618e+01
1.730542550931412507e+02 3.105428407807646352e+01
1.762747429678438209e+02 3.143837283621137857e+01
1.795551631576776401e+02 3.182721212003071898e+01
1.828966309850842435e+02 3.222086068547001503e+01
1.863002825283203947e+02 3.261937801517577640e+01
1.897672750077205706e+02 3.302282432749399277e+01
1.932987871791416978e+02 3.343126058556917002e+01
1.968960197347358587e+02 3.384474850655657718e+01
2.005601957111749130e+02 3.426335057094767933e+01
2.042925609054783251e+02 3.468713003201165890e+01
2.080943842985750791e+02 3.511615092535325289e+01
2.119669584867479557e+02 3.555047807858869646e+01
2.159116001211114053e+02 3.599017712114197565e+01
2.199296503552610886e+02 3.643531449416138912e+01
2.240224753012613235e+02 3.688595746055961655e+01
2.281914664941111539e+02 3.734217411517713714e+01
2.324380413648611068e+02 3.780403339507216742e+01
2.367636437225273767e+02 3.827160508993708277e+01
2.411697442449810183e+02 3.874495985264435660e+01
2.456578409789680393e+02 3.922416920992255029e+01
2.502294598494343632e+02 3.970930557316420817e+01
2.548861551783342350e+02 4.020044224936805932e+01
2.596295102130861778e+02 4.069765345221568964e+01
2.644611376648711030e+02 4.120101431328613728e+01
2.693826802569401480e+02 4.171060089340824106e+01
2.743958112831343783e+02 4.222649019415436555e+01
2.795022351767901228e+02 4.274876016947532520e+01
2.847036880902394387e+02 4.327748973748011707e+01
2.900019384850895676e+02 4.381275879236071091e+01
2.953987877334868131e+02 4.435464821646437628e+01
3.008960707305764686e+02 4.490323989251592707e+01
3.064956565183504722e+02 4.545861671599017484e+01
3.121994489211151063e+02 4.602086260763841352e+01
3.180093871927746250e+02 4.659006252616889299e+01
3.239274466761702342e+02 4.716630248108504730e+01
3.299556394746795149e+02 4.774966954568157007e+01
3.360960151363240129e+02 4.834025187020217373e+01
3.423506613505977043e+02 4.893813869515914661e+01
3.487217046582729267e+02 4.954342036481855160e+01
3.552113111744093885e+02 5.015618834085164224e+01
3.618216873248170486e+02 5.077653521615496857e+01
3.685550805962326990e+02 5.140455472884227817e+01
3.754137803004453531e+02 5.204034177640831871e+01
3.824001183526540331e+02 5.268399243006896171e+01
3.895164700642984030e+02 5.333560394927760484e+01
3.967652549506559581e+02 5.399527479642220840e+01
4.041489375534558803e+02 5.466310465170296595e+01
4.116700282788135041e+02 5.533919442819507850e+01
4.193310842507503367e+02 5.602364628709714367e+01
4.271347101805977786e+02 5.671656365316805193e+01
4.350835592525888842e+02 5.741805123035565117e+01
4.431803340259170909e+02 5.812821501761749943e+01
4.514277873535970684e+02 5.884716232493855159e+01
4.598287233184101410e+02 5.957500178954574466e+01
4.683859981862825066e+02 6.031184339232435576e+01
4.771025213773901328e+02 6.105779847443609754e+01
4.859812564553503762e+02 6.181297975414403822e+01
4.950252221348120543e+02 6.257750134384473029e+01
5.042374933077970809e+02 6.335147876731105043e+01
5.136212020891510974e+02 6.413502897714910489e+01
5.231795388814351782e+02 6.492827037246975408e+01
5.329157534596512278e+02 6.573132281678019240e+01
5.428331560761363335e+02 6.654430765609527043e+01
5.529351185860372198e+02 6.736734773727432923e+01
5.632250755937106987e+02 6.820056742658337612e+01
5.737065256204755315e+02 6.904409262848822948e+01
5.843830322940852966e+02 6.989805080467913001e+01
5.952582255603352905e+02 7.076257099333068368e+01
6.063358029172297847e+02 7.163778382860097338e+01
6.176195306720994722e+02 7.252382156037039351e+01
6.291132452221315816e+02 7.342081807422614759e+01
6.408208543587112445e+02 7.432890891169243730e+01
6.527463385960564892e+02 7.524823129071226901e+01
6.648937525245579536e+02 7.617892412638126132e+01
6.772672261893249015e+02 7.712112805193923748e+01
6.898709664943638700e+02 7.807498544001992968e+01
7.027092586329098367e+02 7.904064042416513303e+01
7.157864675443607894e+02 8.001823892060377830e+01
7.291070393983256963e+02 8.100792865030042833e+01
7.426755031063045180e+02 8.200985916127754649e+01
7.564964718614786534e+02 8.302418185121226202e+01
7.705746447071791181e+02 8.405104999031428292e+01
7.849148081345202854e+02 8.509061874448507012e+01
7.995218377097897928e+02 8.614304519876530719e+01
8.144006997320969958e+02 8.720848838107033885e+01
8.295564529218963798e+02 8.828710928622113840e+01
8.449942501409151419e+02 8.937907090027123047e+01
8.607193401440893012e+02 9.048453822513445743e+01
8.767370693641199750e+02 9.160367830351864882e+01
8.930528837292129083e+02 9.273666024416574771e+01
9.096723305146741723e+02 9.388365524740612500e+01
9.266010602289355802e+02 9.504483663102708135e+01
9.438448285347061528e+02 9.622037985646306879e+01
9.614094982058472851e+02 9.741046255530801545e+01
9.793010411206923891e+02 9.861526455615741327e+01
9.975255402924425425e+02 9.983496791178107799e+01
1.016089191937347550e+03 1.010697569266320812e+02
1.034998307581394329e+03 1.023198181846970840e+02
1.054259316206170524e+03 1.035853405776892657e+02
1.073878766434694626e+03 1.048665153335921048e+02
1.093863328757890486e+03 1.061635360455539114e+02
1.114219797802529683e+03 1.074765987011420947e+02
1.134955094641344203e+03 1.088059017119567926e+02
1.156076269146164577e+03 1.101516459436131896e+02
1.177590502384825868e+03 1.115140347460930315e+02
1.199505109062677775e+03 1.128932739844715485e+02
1.221827540009556287e+03 1.142895720700259403e+02
1.244565384713000412e+03 1.157031399917264167e+02
1.267726373898649399e+03 1.171341913481190318e+02
1.291318382158622171e+03 1.185829423796004960e+02
1.315349430628849632e+03 1.200496120010946726e+02
1.339827689716190434e+03 1.215344218351306296e+02
1.364761481876339303e+03 1.230375962453323808e+02
1.390159284443388742e+03 1.245593623703203576e+02
1.416029732512088685e+03 1.260999501580344315e+02
1.442381621873717449e+03 1.276595924004800509e+02
1.469223912006586488e+03 1.292385247689039147e+02
1.496565729122228277e+03 1.308369858494065170e+02
1.524416369268227527e+03 1.324552171789925694e+02
1.552785301488843288e+03 1.340934632820700472e+02
1.581682171044400775e+03 1.357519717073979280e+02
1.611116802690644818e+03 1.374309930654935954e+02
1.641099204019069930e+03 1.391307810665003046e+02
1.671639568859462543e+03 1.408515925585254536e+02
1.702748280745728835e+03 1.425936875664513366e+02
1.734435916446221881e+03 1.443573293312259409e+02
1.766713249559801852e+03 1.461427843496414880e+02
1.799591254178762483e+03 1.479503224146021978e+02
1.833081108619985116e+03 1.497802166558931560e+02
1.867194199225466491e+03 1.516327435814502280e+02
1.901942124233632967e+03 1.535081831191436663e+02
1.937336697722641475e+03 1.554068186590754408e+02
1.973389953627117166e+03 1.573289370964022851e+02
2.010114149829605822e+03 1.592748288746869036e+02
2.047521772328165071e+03 1.612447880297849565e+02
2.085625539481555279e+03 1.632391122342772860e+02
2.124438406333367311e+03 1.652581028424480394e+02
2.163973569016693091e+03 1.673020649358230685e+02
2.204244469240692069e+03 1.693713073692677256e+02
2.245264798860725023e+03 1.714661428176584366e+02
2.287048504533462619e+03 1.735868878231279098e+02
2.329609792458695665e+03 1.757338628428983043e+02
2.372963133209338594e+03 1.779073922977032964e+02
2.417123266651321501e+03 1.801078046208094463e+02
2.462105206955085578e+03 1.823354323076460730e+02
2.507924247700269461e+03 1.845906119660453157e+02
2.554595967075469162e+03 1.868736843671075292e+02
2.602136233174686367e+03 1.891849944966919850e+02
2.650561209392422370e+03 1.915248916075480849e+02
2.699887359919088340e+03 1.938937292720876542e+02
2.750131455338772867e+03 1.962918654358139463e+02
2.801310578331089800e+03 1.987196624714070197e+02
2.853442129479224150e+03 2.011774872334825375e+02
2.906543833186003212e+03 2.036657111140247594e+02
2.960633743700067498e+03 2.061847100985052066e+02
3.015730251254242830e+03 2.087348648226983698e+02
3.071852088318056758e+03 2.113165606301956814e+02
3.129018335966712129e+03 2.139301876306356576e+02
3.187248430368483241e+03 2.165761407586493590e+02
3.246562169392941087e+03 2.192548198335396421e+02
3.306979719342056796e+03 2.219666296196941460e+02
3.368521621806663461e+03 2.247119798877494361e+02
3.431208800650449575e+03 2.274912854765089776e+02
3.495062569123919729e+03 2.303049663556268456e+02
3.560104637110820022e+03 2.331534476890698500e+02
3.626357118509302381e+03 2.360371598993597217e+02
3.693842538750572658e+03 2.389565387326151722e+02
3.762583842457337141e+03 2.419120253243931131e+02
3.832604401244891505e+03 2.449040662663495027e+02
3.903928021667263693e+03 2.479331136737193049e+02
3.976578953311347504e+03 2.509996252536362533e+02
4.050581897041589400e+03 2.541040643742939551e+02
4.125962013398103409e+03 2.572469001349628002e+02
4.202744931151153651e+03 2.604286074368757227e+02
4.280956756014713392e+03 2.636496670549862529e+02
4.360624079522310240e+03 2.669105657106188687e+02
4.441773988067914615e+03 2.702117961450130679e+02
4.524434072115215713e+03 2.735538571937819938e+02
4.608632435578132572e+03 2.769372538622867523e+02
4.694397705376038175e+03 2.803624974019483602e+02
4.781759041166702445e+03 2.838301053874997137e+02
4.870746145260367484e+03 2.873406017951930380e+02
4.961389272718416578e+03 2.908945170819785631e+02
5.053719241639825668e+03 2.944923882656565297e+02
5.147767443639207158e+03 2.981347590060270818e+02
5.243565854519680215e+03 3.018221796870373055e+02
5.341147045144530239e+03 3.055552074999505976e+02
5.440544192511010806e+03 3.093344065275383059e+02
5.541791091030409007e+03 3.131603478293196758e+02
5.644922164017840259e+03 3.170336095278485686e+02
5.749972475396041773e+03 3.209547768960743497e+02
5.856977741616858111e+03 3.249244424457790501e+02
5.965974343804569799e+03 3.289432060171076841e+02
6.076999340125338676e+03 3.330116748692112765e+02
6.190090478386651739e+03 3.371304637720032247e+02
6.305286208871445524e+03 3.413001950990587829e+02
6.422625697410854627e+03 3.455214989216554500e+02
6.542148838700460146e+03 3.497950131039845019e+02
6.663896269864128044e+03 3.541213833995319078e+02
6.787909384270474220e+03 3.585012635486592671e+02
6.914230345606312767e+03 3.629353153773863028e+02
7.042902102212000500e+03 3.674242088973950899e+02
7.173968401683709089e+03 3.719686224072764844e+02
7.307473805747217739e+03 3.765692425950209667e+02
7.443463705408739770e+03 3.812267646417854507e+02
7.581984336387463372e+03 3.859418923269350898e+02
7.723082794835529967e+03 3.907153381343927094e+02
7.866807053350309616e+03 3.955478233602952969e+02
8.013205977284892469e+03 4.004400782219897224e+02
8.162329341361960360e+03 4.053928419683713287e+02
8.314227846596832023e+03 4.104068629915873885e+02
8.468953137535609130e+03 4.154828989401272565e+02
8.626557819813866445e+03 4.206217168333033669e+02
8.787095478042370814e+03 4.258240931771564419e+02
8.950620694025388730e+03 4.310908140817864478e+02
9.117189065318290886e+03 4.364226753801423229e+02
9.286857224130231771e+03 4.418204827482727524e+02
9.459682856578881911e+03 4.472850518270730049e+02
9.635724722303290037e+03 4.528172083455308439e+02
9.815042674441736381e+03 4.584177882454977180e+02
9.997697679981560213e+03 4.640876378080085374e+02
